100 1712
1 2 20
1 3 50
1 5 7
1 11 23
1 14 20
1 19 46
1 24 16
1 25 25
1 29 20
1 31 8
1 35 27
1 40 44
1 42 5
1 43 50
1 44 4
1 46 27
1 58 36
1 61 48
1 66 55
1 76 15
1 79 36
1 80 55
1 83 34
1 89 27
1 91 49
1 95 36
1 97 37
2 4 36
2 6 41
2 10 40
2 11 22
2 12 10
2 13 47
2 15 2
2 18 37
2 21 29
2 23 43
2 24 6
2 25 27
2 34 19
2 39 40
2 40 28
2 42 23
2 46 33
2 48 36
2 50 43
2 54 1
2 55 8
2 57 49
2 58 22
2 64 14
2 65 10
2 68 22
2 73 30
2 80 4
2 83 51
2 84 40
2 87 22
2 95 51
2 96 34
2 98 7
2 99 29
3 4 9
3 6 49
3 7 38
3 9 14
3 13 15
3 17 20
3 21 42
3 22 32
3 23 44
3 24 36
3 27 49
3 32 10
3 33 45
3 35 5
3 39 23
3 45 46
3 46 26
3 50 17
3 55 51
3 58 15
3 59 16
3 60 44
3 62 46
3 63 9
3 66 11
3 67 20
3 68 38
3 71 40
3 72 22
3 75 21
3 76 27
3 82 10
3 83 48
3 96 2
3 97 7
4 11 8
4 16 19
4 17 35
4 23 34
4 24 39
4 28 55
4 29 3
4 30 20
4 31 39
4 34 29
4 35 20
4 37 28
4 40 38
4 43 37
4 51 40
4 53 43
4 54 20
4 55 54
4 58 22
4 61 3
4 67 4
4 69 52
4 71 53
4 74 43
4 82 7
4 83 46
4 87 32
4 92 51
4 97 51
4 100 6
5 7 20
5 12 25
5 19 45
5 27 35
5 29 44
5 32 29
5 38 1
5 40 47
5 42 20
5 48 33
5 50 25
5 51 16
5 52 28
5 54 34
5 55 13
5 61 48
5 62 33
5 71 7
5 76 47
5 78 49
5 79 3
5 81 26
5 82 23
5 83 5
5 85 17
5 86 52
5 87 9
5 88 9
5 89 9
5 91 43
5 93 55
5 95 29
5 97 54
5 100 33
6 7 45
6 8 20
6 10 17
6 11 53
6 14 6
6 18 24
6 20 22
6 22 44
6 24 27
6 29 42
6 30 21
6 33 29
6 38 14
6 40 6
6 42 15
6 46 18
6 47 14
6 51 21
6 53 17
6 54 22
6 58 39
6 61 52
6 62 44
6 63 48
6 66 37
6 69 43
6 70 25
6 73 33
6 75 50
6 76 1
6 79 18
6 81 8
6 91 27
6 94 15
6 96 17
6 98 24
6 100 46
7 8 45
7 11 20
7 12 18
7 24 55
7 27 51
7 31 15
7 32 54
7 36 12
7 39 36
7 40 14
7 45 35
7 47 23
7 49 14
7 51 14
7 52 23
7 53 13
7 54 48
7 56 43
7 57 31
7 59 27
7 60 51
7 61 55
7 62 24
7 66 53
7 70 40
7 71 33
7 72 22
7 78 49
7 79 17
7 80 31
7 81 39
7 82 55
7 87 50
7 90 52
7 92 53
7 93 43
7 97 11
7 99 53
8 16 42
8 17 26
8 21 1
8 24 53
8 25 50
8 26 14
8 28 26
8 29 12
8 30 20
8 34 50
8 35 19
8 37 32
8 38 37
8 41 46
8 44 21
8 48 48
8 49 34
8 50 52
8 52 43
8 54 11
8 57 38
8 59 41
8 60 1
8 62 16
8 63 8
8 68 17
8 71 48
8 72 9
8 73 20
8 76 6
8 80 50
8 84 33
8 91 12
8 97 22
8 99 31
8 100 35
9 16 9
9 26 27
9 31 42
9 32 48
9 35 46
9 38 32
9 39 8
9 41 36
9 44 14
9 45 25
9 46 37
9 49 55
9 52 40
9 53 8
9 57 16
9 60 40
9 62 24
9 64 16
9 65 21
9 66 9
9 70 36
9 73 24
9 75 41
9 78 36
9 79 20
9 83 46
9 84 48
9 85 2
9 88 43
9 92 39
9 93 54
9 94 47
9 96 14
9 99 6
10 13 15
10 14 10
10 18 13
10 19 50
10 36 13
10 37 3
10 38 28
10 43 22
10 46 3
10 47 1
10 49 27
10 54 33
10 57 12
10 59 40
10 65 19
10 66 50
10 71 33
10 72 26
10 73 21
10 75 7
10 76 54
10 78 37
10 80 12
10 84 16
10 85 37
10 91 47
10 92 55
10 96 3
11 12 40
11 13 1
11 22 43
11 25 13
11 26 7
11 29 24
11 30 40
11 34 22
11 37 46
11 40 8
11 44 32
11 46 55
11 47 39
11 49 47
11 50 11
11 51 45
11 54 9
11 55 40
11 58 52
11 64 4
11 67 51
11 68 21
11 69 16
11 78 36
11 79 22
11 81 13
11 84 49
11 86 55
11 87 25
11 92 2
11 99 54
12 13 27
12 14 3
12 15 9
12 18 4
12 19 7
12 21 21
12 22 23
12 28 22
12 29 4
12 30 53
12 31 35
12 32 20
12 35 4
12 36 46
12 37 36
12 39 5
12 42 5
12 44 10
12 49 23
12 50 46
12 54 44
12 61 20
12 66 27
12 69 2
12 72 19
12 74 42
12 78 35
12 79 27
12 81 1
12 82 33
12 86 42
12 87 21
12 88 19
12 91 29
12 92 35
12 93 50
12 95 34
13 16 37
13 18 55
13 21 23
13 26 7
13 32 42
13 33 10
13 34 49
13 35 20
13 36 24
13 53 52
13 54 40
13 57 49
13 60 50
13 63 7
13 64 2
13 65 11
13 67 27
13 70 45
13 71 12
13 74 33
13 78 46
13 80 19
13 81 23
13 82 47
13 85 33
13 87 50
13 91 50
13 92 21
13 93 25
13 98 42
13 100 5
14 15 35
14 16 14
14 17 22
14 18 43
14 19 3
14 24 11
14 28 1
14 31 44
14 32 3
14 34 6
14 35 18
14 37 28
14 40 7
14 41 50
14 44 38
14 45 13
14 47 23
14 51 9
14 52 36
14 53 36
14 55 19
14 58 47
14 59 46
14 64 28
14 65 20
14 69 21
14 72 27
14 76 20
14 77 37
14 78 16
14 84 12
14 85 4
14 91 19
14 92 51
14 93 30
14 95 29
14 98 29
15 19 5
15 21 22
15 24 38
15 27 16
15 28 11
15 29 50
15 32 11
15 37 27
15 39 3
15 41 41
15 44 10
15 45 17
15 46 44
15 49 53
15 51 12
15 53 50
15 55 55
15 56 15
15 58 31
15 60 45
15 64 33
15 65 34
15 66 29
15 68 36
15 69 23
15 72 30
15 75 33
15 76 28
15 77 29
15 78 9
15 81 28
15 85 54
15 87 14
15 92 37
15 97 26
15 100 53
16 17 11
16 19 36
16 20 49
16 23 1
16 27 26
16 31 24
16 37 20
16 39 23
16 41 25
16 46 13
16 47 47
16 48 2
16 49 55
16 54 25
16 56 22
16 58 26
16 59 45
16 64 15
16 66 34
16 70 26
16 73 19
16 75 12
16 78 38
16 79 30
16 81 10
16 85 42
16 87 14
16 89 23
16 90 21
16 93 25
16 98 51
17 21 1
17 27 12
17 30 22
17 31 8
17 33 24
17 34 10
17 35 44
17 39 5
17 41 50
17 42 51
17 47 10
17 51 19
17 52 34
17 54 55
17 57 49
17 58 2
17 59 53
17 65 26
17 68 26
17 71 53
17 72 51
17 75 43
17 77 3
17 78 47
17 83 48
17 84 25
17 85 36
17 89 34
17 91 7
17 92 19
17 95 48
17 96 40
17 100 33
18 22 51
18 27 7
18 28 7
18 33 6
18 36 46
18 42 17
18 49 34
18 55 15
18 59 47
18 61 12
18 62 48
18 64 41
18 65 55
18 68 37
18 70 6
18 74 43
18 76 12
18 77 7
18 88 17
18 89 43
18 91 38
18 93 44
18 96 27
18 98 2
19 20 29
19 21 55
19 27 14
19 28 52
19 30 49
19 32 6
19 34 28
19 43 55
19 45 15
19 48 3
19 50 8
19 53 8
19 56 47
19 64 53
19 66 27
19 67 39
19 68 34
19 70 28
19 71 52
19 74 15
19 76 24
19 77 47
19 79 52
19 81 10
19 84 37
19 86 5
19 92 47
19 95 11
19 96 27
19 97 16
19 99 16
19 100 29
20 21 52
20 22 18
20 25 18
20 29 8
20 33 13
20 37 15
20 39 3
20 44 45
20 59 40
20 61 28
20 65 22
20 70 2
20 72 36
20 75 38
20 79 40
20 80 12
20 81 18
20 83 46
20 85 45
20 86 18
20 87 39
20 88 25
20 90 55
20 94 20
20 95 44
20 98 18
21 22 16
21 31 16
21 32 24
21 39 15
21 40 49
21 41 15
21 43 51
21 44 28
21 47 34
21 49 16
21 52 13
21 54 19
21 56 17
21 59 38
21 60 53
21 65 29
21 71 13
21 73 55
21 78 19
21 79 23
21 82 55
21 83 23
21 85 30
21 88 7
21 89 34
21 92 34
21 94 27
21 96 21
21 97 55
22 24 9
22 29 22
22 32 31
22 35 19
22 39 55
22 40 52
22 41 10
22 43 18
22 45 25
22 47 49
22 48 14
22 50 46
22 51 17
22 54 19
22 59 6
22 60 45
22 62 35
22 64 45
22 65 50
22 67 15
22 68 26
22 71 27
22 73 33
22 74 8
22 78 50
22 80 9
22 81 23
22 85 1
22 86 18
22 89 30
22 90 7
22 91 22
22 93 11
22 94 8
22 97 8
22 98 16
22 99 36
22 100 11
23 25 2
23 33 17
23 35 46
23 36 8
23 38 46
23 42 31
23 45 17
23 49 38
23 54 24
23 55 41
23 58 48
23 59 53
23 60 37
23 61 1
23 66 52
23 67 36
23 68 7
23 71 31
23 72 37
23 79 18
23 80 35
23 81 30
23 84 3
23 88 38
23 94 8
23 98 10
24 26 46
24 30 9
24 32 48
24 35 3
24 36 15
24 38 43
24 39 8
24 40 19
24 43 2
24 44 7
24 45 54
24 48 35
24 49 27
24 57 23
24 63 28
24 75 40
24 83 24
24 84 32
24 89 43
24 91 24
24 95 19
24 96 11
24 98 39
24 99 43
24 100 32
25 26 14
25 27 27
25 29 3
25 32 6
25 34 44
25 36 1
25 37 29
25 38 49
25 39 48
25 44 37
25 47 13
25 48 11
25 49 35
25 55 6
25 60 52
25 62 40
25 64 11
25 66 29
25 77 29
25 79 43
25 81 15
25 83 28
25 85 44
25 90 33
25 91 17
25 96 10
25 97 25
26 29 15
26 31 49
26 33 47
26 39 12
26 40 40
26 42 5
26 45 51
26 46 55
26 49 22
26 50 13
26 52 20
26 53 30
26 55 38
26 58 50
26 61 49
26 62 16
26 64 28
26 68 39
26 69 11
26 70 53
26 76 51
26 80 25
26 87 32
26 88 27
26 89 8
26 93 22
27 28 6
27 32 52
27 34 43
27 36 31
27 38 50
27 39 25
27 43 28
27 44 40
27 47 34
27 48 7
27 49 43
27 51 16
27 53 18
27 55 35
27 56 49
27 58 2
27 59 53
27 60 16
27 62 14
27 64 44
27 65 31
27 68 24
27 72 23
27 75 42
27 76 28
27 79 6
27 88 19
27 89 19
27 94 25
27 96 26
27 100 20
28 30 29
28 35 44
28 45 33
28 49 21
28 53 14
28 54 36
28 55 53
28 57 11
28 58 30
28 59 34
28 62 8
28 63 1
28 67 37
28 68 44
28 69 7
28 71 2
28 75 54
28 76 44
28 78 36
28 79 26
28 82 39
28 87 39
28 99 20
29 32 14
29 33 46
29 38 18
29 41 1
29 44 37
29 49 26
29 50 45
29 58 28
29 59 13
29 64 52
29 65 4
29 72 2
29 78 37
29 83 34
29 90 34
29 91 41
29 93 9
29 94 55
29 98 6
29 100 33
30 32 44
30 35 46
30 36 40
30 37 38
30 38 22
30 40 46
30 44 24
30 47 55
30 48 55
30 49 18
30 54 50
30 56 8
30 59 20
30 60 32
30 61 13
30 62 34
30 66 27
30 84 37
30 87 23
30 90 28
30 94 20
31 33 26
31 35 5
31 36 38
31 37 51
31 39 15
31 48 45
31 55 23
31 56 41
31 57 30
31 58 21
31 62 3
31 70 31
31 72 40
31 74 34
31 80 31
31 83 21
31 86 27
31 92 41
31 93 29
31 98 30
31 100 20
32 33 19
32 35 49
32 37 6
32 38 24
32 40 47
32 41 35
32 43 2
32 50 29
32 55 5
32 57 14
32 59 24
32 68 34
32 71 45
32 73 39
32 81 10
32 82 27
32 83 44
32 84 26
32 88 12
32 89 10
32 90 52
32 95 25
32 98 53
33 35 41
33 36 22
33 38 48
33 40 40
33 48 25
33 49 5
33 57 52
33 59 26
33 64 3
33 66 53
33 74 16
33 82 21
33 83 2
33 87 18
33 88 29
33 93 41
34 40 34
34 45 28
34 46 33
34 50 45
34 54 49
34 56 43
34 64 28
34 65 42
34 73 5
34 78 8
34 88 21
34 89 38
34 91 14
34 92 55
34 94 38
34 95 33
34 98 43
34 99 44
34 100 55
35 40 19
35 49 52
35 54 22
35 56 33
35 57 44
35 59 35
35 60 1
35 62 29
35 63 28
35 65 12
35 66 49
35 67 48
35 76 11
35 80 4
35 82 9
35 85 11
35 86 52
35 98 10
35 99 23
36 37 18
36 38 35
36 40 31
36 47 37
36 50 24
36 54 32
36 59 46
36 61 28
36 65 37
36 68 2
36 69 40
36 70 35
36 75 26
36 77 53
36 88 25
36 91 48
36 92 45
36 93 3
36 94 38
36 95 53
36 97 1
36 100 31
37 39 15
37 41 9
37 42 22
37 44 48
37 45 43
37 47 24
37 52 44
37 62 21
37 66 32
37 67 21
37 69 21
37 73 29
37 74 12
37 75 1
37 76 23
37 77 8
37 78 28
37 85 26
37 88 44
37 89 27
37 91 25
37 92 55
37 94 45
38 42 25
38 46 47
38 47 54
38 50 35
38 52 18
38 56 2
38 57 36
38 59 36
38 61 25
38 63 20
38 65 14
38 67 3
38 70 51
38 73 16
38 75 31
38 81 37
38 87 46
38 92 22
38 93 55
38 96 30
39 42 34
39 49 3
39 53 15
39 56 25
39 61 45
39 65 14
39 66 33
39 67 19
39 70 17
39 71 4
39 75 49
39 77 1
39 78 50
39 80 27
39 81 32
39 83 47
39 87 12
39 90 23
39 93 15
39 94 6
39 96 19
40 41 20
40 42 20
40 43 38
40 44 24
40 49 33
40 50 4
40 56 43
40 61 33
40 67 33
40 68 34
40 71 21
40 72 8
40 76 53
40 77 53
40 80 18
40 83 26
40 84 15
40 87 19
40 88 10
40 90 46
40 95 51
40 96 34
40 97 17
40 98 9
40 99 36
41 42 49
41 47 46
41 49 49
41 51 37
41 53 41
41 56 44
41 61 32
41 67 15
41 68 22
41 81 13
41 84 47
41 89 33
41 90 53
41 91 22
41 94 43
41 95 34
41 96 30
41 97 20
41 98 18
41 99 41
42 45 5
42 47 29
42 48 2
42 58 3
42 60 44
42 67 49
42 71 6
42 80 47
42 82 29
42 89 45
42 94 5
42 97 52
42 98 51
43 44 6
43 46 54
43 47 2
43 49 32
43 54 40
43 55 3
43 56 49
43 61 20
43 63 43
43 67 3
43 68 45
43 69 15
43 70 16
43 72 4
43 74 23
43 77 39
43 78 6
43 79 26
43 82 11
43 84 48
43 85 14
43 87 20
43 89 19
43 90 38
43 96 36
43 97 40
43 98 15
44 45 2
44 46 54
44 50 39
44 52 46
44 53 23
44 56 28
44 58 23
44 59 30
44 64 2
44 65 30
44 66 31
44 68 1
44 69 55
44 72 25
44 81 15
44 84 36
44 85 27
44 87 49
44 94 29
44 95 37
44 98 45
44 100 13
45 47 14
45 48 7
45 50 55
45 51 41
45 59 16
45 61 39
45 66 15
45 68 40
45 70 1
45 72 42
45 75 12
45 81 4
45 83 31
45 85 15
45 87 1
45 88 32
45 91 34
45 92 14
45 95 5
45 96 23
46 49 38
46 51 8
46 57 47
46 58 52
46 65 19
46 68 31
46 72 34
46 73 5
46 82 14
46 84 54
46 90 52
46 92 12
46 95 52
46 96 17
46 97 41
46 98 53
47 56 40
47 60 54
47 61 42
47 64 27
47 65 15
47 71 30
47 79 1
47 86 28
47 88 2
47 91 48
47 92 51
47 95 15
47 97 22
47 98 4
47 99 10
48 49 41
48 55 9
48 59 28
48 61 33
48 63 29
48 64 42
48 67 12
48 69 13
48 72 46
48 75 22
48 76 42
48 77 13
48 78 24
48 79 10
48 80 32
48 84 13
48 93 55
48 95 6
48 100 54
49 52 29
49 57 1
49 59 36
49 60 19
49 65 48
49 70 6
49 71 22
49 72 48
49 77 6
49 78 8
49 79 20
49 80 51
49 84 50
49 85 30
49 93 13
49 94 39
49 97 49
49 98 54
50 51 26
50 58 35
50 60 3
50 62 22
50 64 24
50 74 46
50 79 19
50 83 30
50 84 14
50 91 54
50 94 22
50 98 10
51 52 16
51 58 51
51 62 4
51 63 47
51 64 36
51 65 42
51 68 16
51 70 13
51 71 18
51 72 41
51 74 16
51 75 28
51 77 2
51 78 23
51 79 15
51 80 4
51 81 27
51 83 31
51 87 11
51 88 43
51 96 9
51 97 6
51 98 37
52 57 38
52 62 10
52 65 7
52 67 48
52 79 37
52 82 29
52 84 37
52 87 32
52 89 8
52 91 13
52 96 24
52 97 32
52 98 9
53 57 31
53 61 35
53 64 50
53 68 42
53 71 24
53 72 8
53 73 27
53 74 42
53 78 38
53 79 35
53 88 18
53 89 41
53 90 46
53 95 37
53 100 15
54 59 18
54 63 32
54 68 2
54 69 46
54 74 40
54 75 7
54 76 10
54 77 17
54 80 32
54 82 35
54 83 45
54 89 31
54 93 47
54 94 27
54 97 9
55 56 19
55 69 23
55 71 31
55 72 25
55 74 5
55 79 19
55 81 10
55 84 42
55 88 18
55 90 28
55 94 45
55 96 20
55 97 31
55 99 8
55 100 19
56 57 48
56 59 19
56 67 40
56 68 37
56 70 17
56 75 40
56 80 45
56 84 36
56 94 44
56 97 38
56 98 28
56 99 22
57 59 52
57 62 23
57 69 7
57 71 44
57 72 29
57 76 34
57 77 17
57 78 45
57 80 10
57 82 24
57 83 18
57 86 54
57 91 42
57 93 31
57 95 8
57 98 27
58 60 8
58 61 1
58 62 14
58 65 41
58 69 46
58 70 27
58 72 51
58 77 51
58 80 41
58 84 52
58 85 3
58 90 6
58 92 37
58 95 31
58 96 32
58 99 20
58 100 29
59 60 42
59 64 8
59 68 25
59 73 30
59 77 7
59 79 37
59 80 13
59 81 53
59 83 44
59 86 37
59 88 24
59 94 33
59 97 44
59 100 31
60 61 54
60 62 11
60 63 54
60 66 30
60 67 42
60 69 30
60 78 53
60 81 40
60 87 24
60 89 15
60 90 39
60 95 39
60 96 48
60 100 48
61 64 18
61 65 50
61 68 48
61 70 32
61 71 11
61 73 53
61 75 3
61 82 24
61 83 11
61 87 5
61 90 12
61 94 7
61 96 33
61 98 43
62 65 43
62 74 47
62 78 35
62 83 26
62 88 55
62 92 16
62 94 13
62 95 20
62 98 9
63 65 7
63 67 10
63 68 29
63 71 47
63 72 27
63 77 15
63 78 16
63 81 51
63 82 3
63 88 42
63 90 32
63 91 42
63 93 44
63 94 46
63 96 4
63 98 35
63 99 18
64 70 37
64 72 50
64 74 9
64 79 35
64 81 43
64 83 45
64 85 12
65 69 9
65 76 37
65 85 27
65 93 6
65 97 36
65 98 3
66 67 34
66 68 45
66 69 4
66 73 10
66 75 1
66 78 33
66 79 45
66 80 24
66 81 7
66 87 37
66 94 29
66 95 13
66 100 14
67 68 10
67 73 16
67 74 49
67 75 38
67 76 33
67 79 29
67 80 26
67 81 16
67 83 50
67 88 49
67 90 35
67 93 7
67 94 25
67 96 6
67 97 38
67 100 32
68 69 1
68 71 12
68 72 47
68 76 1
68 77 33
68 79 5
68 80 1
68 82 42
68 91 1
68 92 22
68 93 41
69 70 49
69 72 52
69 73 25
69 77 44
69 78 17
69 82 4
69 83 4
69 90 35
69 91 52
69 95 13
69 97 21
70 75 9
70 76 55
70 78 9
70 80 8
70 84 28
70 87 29
70 88 52
70 90 26
70 92 11
70 94 32
70 96 24
71 77 21
71 82 14
71 84 2
71 85 28
71 87 23
71 93 29
71 96 47
71 99 22
72 76 6
72 77 48
72 81 46
72 85 27
72 93 30
72 95 7
72 99 18
73 76 47
73 77 21
73 80 39
73 88 16
73 92 48
73 96 44
73 97 45
73 99 9
74 76 32
74 77 46
74 81 34
74 82 48
74 84 49
74 87 39
74 92 12
74 95 50
74 97 8
74 99 6
75 76 32
75 81 39
75 83 15
75 84 33
75 88 12
75 89 50
75 92 11
75 97 26
76 78 34
76 81 17
76 84 19
76 86 41
76 88 24
76 90 43
76 93 31
76 95 24
76 96 31
76 100 15
77 83 30
77 87 27
77 89 6
77 92 47
77 93 9
78 83 12
78 84 46
78 86 48
78 87 29
78 88 16
78 90 2
78 95 34
78 98 5
79 80 48
79 84 46
79 85 42
79 89 26
79 95 8
80 81 14
80 86 52
80 88 44
81 85 10
81 96 33
81 99 28
81 100 55
82 83 37
82 84 36
82 85 27
82 86 10
82 87 52
82 93 28
82 95 23
82 98 13
83 84 15
83 90 32
83 91 1
83 92 28
83 93 9
83 96 39
83 100 19
85 87 52
85 89 6
85 90 54
85 92 16
85 93 49
85 96 5
85 97 8
85 100 50
86 90 37
86 94 5
86 95 39
86 96 5
86 98 38
86 99 55
87 89 49
87 95 48
87 99 6
88 91 22
88 92 21
88 94 30
89 91 49
90 91 13
90 92 54
90 94 34
90 95 45
90 98 11
90 99 53
91 92 18
91 93 43
91 94 10
91 96 13
91 100 40
92 96 47
92 97 6
92 98 11
93 98 26
94 95 32
94 96 40
94 99 39
94 100 18
95 99 5
96 98 39
97 100 14
