100 389
61 65 33
86 82 44
79 69 32
88 82 46
14 5 2
1 15 4
35 7 47
63 70 27
68 78 23
88 85 40
87 82 39
1 6 6
21 40 14
30 25 13
46 42 21
34 24 17
98 93 36
64 66 31
98 83 37
100 82 39
70 61 31
19 4 2
86 96 39
62 73 33
30 40 13
5 11 1
74 65 29
17 3 3
98 92 41
5 3 3
23 27 14
25 22 9
62 75 28
20 12 4
94 93 34
1 9 7
49 42 18
9 8 4
72 69 28
51 41 18
27 32 11
65 62 32
39 37 13
77 64 31
10 15 4
99 82 45
69 67 26
90 96 43
85 96 41
91 98 35
29 26 16
45 59 18
3 13 5
13 16 4
43 53 20
61 67 32
92 94 42
27 21 13
61 78 33
97 93 35
11 3 2
84 97 43
94 90 46
33 29 16
5 16 2
51 53 21
98 90 36
46 49 18
39 27 15
12 13 5
73 79 31
10 4 1
37 24 14
77 73 25
57 51 18
82 83 45
35 33 15
70 65 29
83 94 37
100 81 40
95 85 42
1 19 1
62 74 32
71 64 33
63 72 24
99 98 46
90 92 37
18 11 3
82 89 37
25 35 11
31 23 15
69 73 29
97 89 46
12 1 8
91 97 36
34 28 10
64 74 24
69 70 27
91 95 44
20 8 7
34 27 13
72 67 31
68 66 24
8 18 8
81 83 44
4 20 1
60 54 18
32 39 16
98 81 41
88 95 36
2 9 6
90 83 43
83 96 41
26 36 11
46 60 20
23 30 16
45 50 19
85 81 39
94 82 46
7 3 1
10 18 5
38 32 13
42 51 21
23 36 12
71 68 25
59 58 19
28 33 15
74 77 28
85 82 43
67 71 29
14 18 1
96 100 40
59 51 20
9 5 4
47 57 19
26 40 17
26 34 9
36 33 15
44 50 19
64 70 26
92 84 45
38 22 9
62 63 22
24 28 15
15 20 6
91 96 38
72 61 30
65 71 28
47 60 20
21 38 17
37 34 14
72 77 22
68 80 24
76 70 30
3 16 4
66 65 30
70 71 26
24 23 17
6 5 4
6 18 5
70 66 30
95 98 42
92 85 46
17 5 5
18 15 7
40 23 15
70 68 27
99 96 43
86 87 38
74 61 28
33 25 9
89 91 37
19 13 1
74 76 32
76 61 29
72 70 33
50 58 20
40 33 9
22 31 12
83 91 45
89 90 42
100 95 36
78 64 29
93 99 37
53 41 18
51 45 18
83 87 43
94 86 38
75 85 50
23 26 15
67 80 29
59 44 19
68 76 32
77 69 27
15 13 3
95 81 43
50 49 19
93 82 39
63 68 31
53 52 20
90 85 37
80 66 32
2 13 5
11 4 3
80 70 25
87 98 44
57 46 21
67 65 24
63 75 26
24 31 10
2 19 8
72 79 26
98 86 38
49 56 21
98 97 43
3 8 6
81 88 41
29 24 17
69 63 28
35 27 14
6 16 5
78 74 29
72 74 28
99 92 36
86 85 38
78 76 22
51 75 49
87 95 41
8 13 8
25 38 13
14 12 4
10 5 8
22 28 13
66 76 32
23 25 12
58 43 18
74 80 28
55 43 19
14 8 5
53 59 19
89 93 36
90 81 39
64 80 22
97 96 40
78 67 30
90 82 34
63 78 27
46 45 20
1 20 2
33 30 9
98 94 41
17 11 3
30 26 14
55 48 20
51 44 21
86 95 37
42 56 18
19 14 3
34 30 12
79 66 33
32 25 12
4 14 2
65 75 27
72 62 27
100 90 34
75 76 31
97 90 41
24 38 16
33 34 16
100 83 40
89 92 36
22 36 16
26 38 14
71 72 28
72 78 29
69 66 30
71 74 31
89 87 39
78 70 27
4 3 3
42 55 21
86 89 45
75 78 23
17 13 2
39 22 15
56 54 21
48 52 18
51 35 48
47 54 21
16 15 7
79 65 25
44 53 19
78 73 31
43 49 20
31 34 13
10 8 4
2 18 7
65 78 24
70 73 28
97 87 44
45 48 21
10 9 3
31 38 9
10 17 4
97 94 45
30 35 9
30 39 9
88 100 43
2 1 2
12 8 2
64 72 32
96 81 45
45 41 21
11 8 6
11 13 8
15 4 1
72 76 23
60 43 18
99 100 34
34 25 11
73 71 27
17 12 2
22 29 13
18 7 2
32 33 15
28 36 12
88 94 40
96 82 41
64 61 28
84 96 43
31 40 17
100 91 40
57 49 20
88 98 40
88 91 44
73 72 24
56 47 18
12 4 2
48 41 21
16 20 2
7 11 1
80 69 27
81 97 36
35 29 14
2 17 4
22 26 12
94 84 36
54 50 20
11 14 1
82 92 34
16 10 4
93 95 41
8 4 5
78 71 22
35 24 14
45 52 20
53 60 19
92 81 41
36 32 12
31 21 15
13 5 7
30 31 14
39 36 11
93 85 35
55 58 20
69 75 32
20 3 8
88 87 37
22 24 11
8 19 7
36 38 14
16 2 5
94 85 44
94 95 37
94 100 44
80 62 29
84 100 44
66 61 28
77 70 25
9 7 8
73 68 24
19 20 8
41 43 19
85 83 39
7 4 1
79 61 33
65 77 24
99 97 40
52 59 21
