100 500
1 2 2
1 3 1
1 4 3
1 5 1
2 6 2
1 7 1
3 8 1
1 9 3
5 10 3
8 11 3
1 12 2
6 13 4
1 14 3
9 15 1
13 16 1
9 17 3
8 18 1
3 19 3
1 20 1
13 21 1
16 22 1
17 23 3
15 24 1
6 25 1
22 26 3
13 27 3
27 28 1
1 29 1
7 30 1
16 31 3
22 32 2
1 33 1
11 34 1
3 35 2
2 36 1
15 37 1
19 38 3
35 39 1
4 40 1
11 41 1
8 42 2
19 43 1
26 44 4
20 45 1
31 46 1
27 47 2
25 48 4
17 49 3
39 50 3
35 51 1
25 52 1
51 53 1
19 54 2
28 55 1
23 56 2
43 57 2
37 58 2
5 59 1
11 60 3
27 61 1
42 62 4
61 63 1
28 64 2
15 65 1
49 66 1
9 67 4
36 68 1
53 69 4
58 70 3
27 71 3
34 72 3
30 73 3
71 74 1
6 75 1
22 76 3
7 77 2
56 78 1
33 79 1
46 80 2
53 81 1
1 82 4
7 83 2
2 84 1
13 85 1
41 86 1
15 87 4
36 88 4
41 89 3
14 90 1
69 91 3
69 92 4
9 93 1
19 94 1
57 95 3
73 96 2
7 97 3
30 98 4
63 99 4
16 100 1
22 81 1
9 31 3
53 27 1
33 9 3
13 79 3
17 13 2
9 21 1
44 13 1
9 62 1
55 76 1
92 73 2
5 51 3
97 84 4
69 40 1
52 87 1
97 87 2
41 56 1
74 38 4
9 71 3
15 11 3
97 38 3
75 13 4
19 73 1
51 6 1
93 1 3
68 16 1
31 78 3
30 72 1
78 6 1
14 93 1
29 92 2
70 9 3
16 43 1
94 78 1
13 6 3
75 61 3
78 18 1
50 54 1
13 93 2
51 21 1
55 93 1
73 89 2
84 13 1
71 26 1
46 61 2
13 40 1
48 68 2
44 6 1
84 55 1
19 46 1
33 28 3
72 1 1
61 97 3
86 93 2
85 84 3
98 87 1
88 92 3
13 56 1
74 85 1
92 8 3
8 83 1
13 47 1
92 98 3
10 75 1
42 13 1
13 16 1
38 95 2
26 65 1
41 73 1
60 40 1
9 74 3
59 19 1
5 81 2
10 13 1
8 76 1
92 46 1
9 96 4
46 79 1
94 35 1
71 85 1
13 46 4
34 84 1
76 73 3
31 54 1
25 78 1
92 20 1
59 10 1
78 22 2
7 86 1
72 23 1
9 51 1
6 87 1
38 32 3
12 31 1
10 72 3
6 22 3
33 97 4
92 86 1
13 21 1
13 76 1
98 92 1
71 76 1
13 72 2
33 94 1
21 65 2
52 8 1
76 21 3
12 71 3
8 71 1
79 97 1
52 30 1
32 84 1
9 1 1
1 6 1
42 34 4
8 84 3
12 88 3
13 64 1
25 87 1
6 46 1
56 26 1
13 6 3
18 56 3
76 74 1
94 25 1
9 35 1
57 19 1
13 97 1
89 14 3
87 97 1
9 10 1
13 65 4
95 66 1
66 10 4
26 92 1
78 27 2
13 76 1
7 96 4
47 68 3
57 46 1
46 34 2
16 57 1
87 46 1
79 31 1
9 22 3
2 71 2
13 68 4
94 15 4
76 88 1
25 26 1
76 61 1
51 26 1
25 9 1
90 40 2
13 97 3
99 13 3
9 95 1
41 93 1
26 84 1
56 84 4
9 65 2
48 84 3
62 1 3
34 12 1
26 92 3
32 6 2
92 71 1
85 72 3
85 62 1
84 10 3
95 57 2
9 21 3
58 76 2
19 6 1
56 12 4
22 28 3
21 68 3
11 68 4
22 61 4
31 32 2
33 96 1
28 56 3
68 62 4
42 19 3
32 74 1
90 40 4
88 12 1
34 22 3
94 31 1
54 15 4
33 92 2
30 55 1
58 22 3
28 85 1
31 13 2
56 87 2
30 13 2
41 78 1
60 33 4
46 84 1
13 50 3
25 7 1
62 7 1
1 7 3
33 38 3
31 19 4
78 31 2
68 9 3
33 6 2
83 87 1
86 13 3
62 54 2
87 80 2
79 56 1
93 25 1
26 5 1
21 68 1
32 62 4
42 87 4
31 13 1
93 32 1
84 13 3
84 94 1
13 87 1
97 53 1
13 30 3
6 9 1
87 31 3
73 85 1
51 13 3
90 30 1
81 34 1
60 67 3
84 22 1
87 92 3
95 47 1
84 9 3
56 19 4
47 32 2
38 31 4
31 96 4
67 72 3
96 68 1
71 97 4
55 61 4
96 76 4
85 96 4
10 51 1
52 32 3
92 93 1
78 45 1
10 8 1
73 28 2
9 1 1
1 71 1
97 76 4
75 69 2
13 58 1
60 1 1
11 22 1
75 59 1
27 19 1
5 78 4
17 14 1
28 22 3
30 29 1
85 18 3
70 47 3
72 23 3
53 13 1
19 71 1
56 47 3
84 25 4
93 61 3
49 54 3
25 71 1
22 16 3
13 56 1
85 76 1
29 93 3
13 78 2
71 76 3
53 9 3
25 73 3
31 1 2
75 21 1
12 4 4
13 55 3
28 21 3
7 87 3
9 51 3
12 19 2
45 97 1
44 98 1
13 31 1
31 55 1
13 97 2
82 66 1
62 11 1
70 92 4
30 87 4
62 45 1
87 96 1
13 23 1
9 48 3
73 98 3
57 20 3
31 50 4
16 86 2
84 34 1
93 20 2
1 10 1
50 13 1
51 31 4
88 6 3
84 75 4
84 92 4
46 57 4
97 51 2
71 57 1
65 94 4
17 76 1
3 36 3
46 32 1
50 68 1
92 71 3
78 32 3
71 47 3
54 9 1
72 50 1
9 81 3
54 16 1
78 38 3
75 31 1
75 15 4
13 19 4
62 73 2
66 4 1
62 31 4
76 72 1
46 79 1
47 11 2
73 78 4
13 85 1
86 26 4
76 89 3
87 73 3
34 13 1
73 1 1
94 34 1
17 49 1
54 82 1
31 70 2
22 13 1
70 1 1
12 28 1
50 51 3
13 55 1
16 17 1
84 63 3
31 6 3
6 97 1
63 75 1
13 9 1
21 1 3
86 62 1
95 68 1
12 64 1
88 62 1
86 18 3
62 55 2
88 31 2
68 70 3
71 84 1
25 38 3
8 1 2
44 25 4
62 38 3
13 98 4
31 69 3
65 53 3
94 78 1
31 96 2
73 95 2
6 87 3
62 89 1
32 84 4
22 49 1
90 19 1
85 89 1
75 85 1
12 64 2
30 21 1
22 21 1
46 26 3
37 33 1
99 34 1
43 13 2
78 12 1
3 41 4
6 81 1
