100 100
13 2 3
2 10 1
13 99 1
10 97 1
99 28 3
13 59 2
59 83 1
13 87 1
99 91 4
2 19 2
59 63 1
59 33 2
97 41 3
91 72 2
72 52 4
87 92 1
72 42 1
97 95 3
10 18 1
42 9 1
95 48 3
63 65 4
18 67 4
28 66 1
95 8 1
13 7 2
72 77 1
65 6 1
67 100 3
33 78 1
63 82 3
66 55 4
65 36 3
83 57 1
65 40 1
10 26 4
19 4 1
13 88 3
33 17 3
33 62 3
57 69 1
26 15 3
40 14 3
92 25 3
7 56 2
72 98 1
48 20 1
100 21 1
62 60 4
48 76 3
20 34 3
33 22 2
77 29 3
29 79 1
21 16 3
13 51 1
17 35 3
40 37 2
7 45 4
56 84 1
2 39 1
22 47 4
60 61 1
55 85 2
62 96 1
19 58 1
37 23 1
10 38 1
35 24 1
26 71 1
77 90 3
76 32 4
18 80 1
16 74 4
6 93 1
57 12 3
69 3 1
15 89 1
92 43 1
76 31 3
69 53 1
21 73 4
63 54 1
84 68 1
92 30 1
8 86 1
33 44 1
61 75 3
74 70 1
78 46 2
79 27 1
32 94 3
32 11 3
66 49 4
30 81 3
92 1 4
11 64 1
88 50 1
75 5 3
53 96 5
