600 2249
567 541 215
197 186 73
489 500 202
76 77 31
477 453 189
1 10 4
297 293 116
165 166 67
581 596 236
487 508 196
347 355 133
1 5 2
595 593 231
552 543 227
37 49 22
22 25 1
399 414 164
56 60 21
572 574 228
377 372 145
218 240 92
262 255 103
125 147 56
388 361 150
574 585 231
327 315 127
466 479 191
305 323 121
205 197 73
450 438 180
477 464 182
473 479 189
51 58 18
475 474 185
135 136 51
8 1 6
534 520 212
527 538 213
569 546 217
593 587 230
270 252 101
461 456 184
174 177 66
533 521 206
168 156 61
254 252 101
131 133 56
211 238 90
86 89 33
227 235 86
511 516 207
41 60 15
386 374 147
504 495 194
476 454 187
283 275 117
101 112 46
561 554 226
49 57 13
276 293 109
261 265 96
494 495 194
402 393 167
413 411 166
8 7 9
507 500 194
103 102 39
346 356 143
313 318 127
174 153 64
88 70 28
239 212 89
311 310 126
80 70 26
280 273 111
434 435 171
324 302 128
541 556 226
210 206 81
237 229 94
86 85 34
160 159 70
304 314 130
202 185 78
441 448 173
226 223 91
458 474 188
486 497 193
137 143 50
213 233 93
327 314 122
114 105 46
490 487 202
406 413 164
497 505 193
410 419 155
526 535 212
534 536 209
225 214 90
157 163 68
269 260 95
354 342 136
554 552 221
514 530 208
129 146 55
231 228 94
598 595 230
490 493 202
87 73 34
236 229 92
356 347 140
582 571 228
225 219 90
241 256 106
472 464 182
19 24 2
537 533 213
301 310 124
422 425 178
274 272 108
121 150 60
179 173 69
420 411 163
23 20 4
179 172 68
492 499 196
258 244 96
211 181 247
503 483 193
584 576 239
21 14 4
314 303 130
395 407 161
103 110 38
585 591 234
31 51 15
323 328 124
141 129 48
287 272 118
562 554 217
91 181 246
441 430 174
347 352 136
29 21 3
111 120 43
100 96 40
443 447 176
476 466 190
42 59 18
271 275 111
564 567 222
69 88 26
246 253 103
68 67 24
299 277 116
88 61 30
355 358 132
187 189 79
109 119 35
356 348 135
500 493 200
309 321 126
367 384 148
271 277 108
450 437 174
26 21 8
178 165 64
166 178 61
151 178 69
542 565 217
121 61 244
305 322 123
247 261 97
203 194 82
275 293 114
206 184 82
594 571 240
59 35 14
474 459 185
79 81 33
104 94 46
381 372 149
163 172 71
514 518 212
47 37 13
181 421 254
330 309 131
369 371 151
101 104 40
569 550 218
345 336 133
317 311 127
65 74 27
123 140 59
242 253 103
354 343 132
588 576 237
365 370 146
270 249 107
189 190 79
83 84 26
64 71 27
320 311 130
363 365 145
385 376 152
482 505 201
292 284 119
104 117 35
364 363 146
24 22 5
366 383 154
575 589 228
98 92 46
366 390 153
265 266 95
412 396 167
574 596 228
288 284 113
444 434 174
457 462 191
7 13 8
89 71 25
464 454 190
301 309 128
87 82 32
439 443 175
373 386 148
234 220 92
507 497 193
487 501 199
286 298 109
153 171 67
337 340 142
118 113 45
234 224 94
250 246 100
136 145 55
284 290 110
591 580 234
54 45 14
304 311 126
73 78 25
376 367 154
141 125 55
510 490 202
197 207 73
538 524 214
324 319 122
378 367 144
403 412 166
509 485 194
12 26 5
31 40 12
312 330 124
416 395 160
461 467 187
214 226 84
391 511 257
297 271 118
332 350 141
173 175 64
317 327 124
503 507 197
435 436 171
599 598 234
264 267 102
95 112 42
588 598 235
540 515 210
517 519 206
196 197 77
543 568 222
262 268 100
221 212 91
394 415 164
445 436 175
404 402 161
116 104 45
571 575 231
3 12 7
37 58 16
91 93 47
288 289 116
331 348 142
186 195 73
555 562 223
43 50 20
536 526 214
387 364 146
479 471 183
599 577 236
392 398 166
214 219 88
553 552 219
154 173 71
552 567 219
535 536 214
340 355 138
279 280 114
202 182 83
491 502 197
215 236 89
164 176 65
199 187 82
111 97 37
586 595 235
57 33 21
255 258 98
567 553 222
413 414 156
61 66 27
429 447 173
284 289 115
584 586 230
396 398 167
101 111 41
562 553 226
450 430 173
589 584 235
25 24 5
80 67 29
500 508 193
492 485 200
114 106 46
480 464 183
282 297 113
263 249 105
560 561 221
125 121 51
497 482 199
396 406 156
317 314 122
43 58 20
93 112 46
479 465 181
300 272 116
272 276 111
587 600 234
511 525 205
405 412 163
150 148 53
116 103 41
434 440 170
141 123 49
134 126 59
502 507 193
450 448 173
148 134 53
13 12 6
498 502 200
259 269 95
333 353 133
4 23 11
421 447 178
465 466 187
208 202 80
419 402 167
73 79 29
134 135 51
129 150 53
295 297 120
480 463 186
389 386 153
481 494 195
217 225 84
293 289 115
20 4 3
266 256 106
28 15 4
528 531 214
290 273 119
581 589 239
165 177 67
242 265 97
362 371 151
245 268 106
84 81 30
402 395 161
414 417 162
538 513 204
164 178 65
589 588 236
570 552 221
288 300 120
350 360 136
501 486 199
431 446 176
375 369 150
339 352 141
100 120 40
510 506 201
23 5 1
544 558 216
554 544 226
320 310 129
413 396 161
291 298 113
234 236 89
396 419 157
419 398 162
566 567 224
594 582 230
107 109 43
145 138 56
454 473 191
66 82 33
92 103 43
378 365 148
509 507 194
575 583 237
517 518 204
220 230 86
27 14 2
113 111 46
90 65 30
220 222 90
373 388 145
8 24 8
367 368 144
142 146 55
426 422 171
577 574 234
330 328 125
70 63 34
7 6 2
48 45 21
252 245 101
443 432 174
395 398 163
106 96 36
223 228 85
579 597 233
169 174 62
182 197 79
36 47 13
539 532 213
68 64 32
125 143 54
489 482 194
230 217 89
585 584 231
432 442 170
118 108 43
499 509 194
421 444 180
408 405 158
558 553 222
461 480 186
339 350 142
171 176 68
20 11 10
303 327 129
314 326 125
137 122 58
350 334 134
1 26 5
118 99 43
16 29 11
304 315 125
28 23 4
511 518 208
306 325 125
66 90 33
564 568 224
216 233 94
182 200 81
489 490 199
410 392 156
441 425 175
76 64 24
495 506 200
440 428 180
351 337 139
184 200 74
251 268 97
47 32 19
555 569 223
464 463 184
214 213 86
353 344 142
491 510 195
257 245 101
591 583 239
455 473 181
269 255 103
24 2 8
146 123 59
122 125 58
163 173 71
208 193 80
230 235 94
26 30 6
593 576 229
364 376 144
91 271 249
503 502 199
519 538 206
243 252 107
375 364 150
566 547 215
157 172 66
151 160 64
75 64 30
424 422 168
228 230 93
106 113 44
214 218 92
363 388 144
52 48 20
359 342 138
122 126 51
95 118 46
238 220 88
98 114 44
563 556 224
191 202 77
378 385 149
30 11 6
174 158 68
209 192 78
150 123 54
233 228 86
528 533 206
367 375 144
386 383 153
300 279 113
402 420 161
117 102 39
213 238 84
596 589 230
416 406 166
201 181 75
594 575 231
86 78 33
85 76 32
507 499 193
436 448 169
262 246 107
202 187 82
233 234 86
297 274 119
277 274 114
520 516 214
215 229 87
456 468 181
25 6 5
531 523 213
579 600 233
346 347 137
460 451 184
282 292 110
450 422 176
509 493 198
354 345 134
28 30 5
410 417 159
8 12 2
5 12 6
253 252 99
182 205 81
549 563 225
246 264 102
99 107 40
594 581 228
289 274 118
121 137 55
503 497 201
415 401 160
226 235 92
399 413 165
118 94 46
59 49 14
441 429 168
450 443 170
431 439 179
592 596 235
298 285 115
165 179 61
150 144 55
281 294 108
545 562 222
13 30 6
265 247 101
287 292 111
549 561 215
145 148 50
401 396 155
572 595 233
500 484 194
18 6 1
10 20 9
489 502 201
181 195 83
418 412 160
548 542 226
177 167 64
358 333 132
318 319 130
590 577 230
171 164 64
572 583 235
543 555 224
537 528 210
156 161 64
227 226 91
251 261 101
572 576 231
257 259 103
105 112 43
136 133 53
84 70 32
17 30 7
334 338 138
115 94 44
564 549 224
511 451 260
181 194 75
479 462 183
377 388 153
279 297 113
558 568 223
241 267 95
346 354 132
191 208 74
501 506 203
170 160 69
170 154 63
386 380 148
190 181 72
179 169 71
495 501 194
121 132 48
231 234 90
432 447 173
134 142 59
55 43 15
22 27 6
592 584 239
258 268 103
265 251 100
498 495 201
180 161 66
434 438 173
473 472 183
198 204 73
409 412 161
424 439 178
227 222 85
443 426 169
315 317 130
143 132 54
564 569 219
400 419 158
314 322 122
448 449 174
13 14 4
322 325 121
502 492 193
296 281 116
72 77 25
325 305 129
241 266 100
187 208 76
434 436 170
534 524 214
311 306 124
587 571 235
243 253 104
151 155 62
553 560 218
223 230 92
466 467 191
483 507 201
421 571 260
335 342 140
494 482 199
274 285 111
325 324 125
14 28 5
302 329 123
368 390 152
498 506 195
564 546 222
132 144 50
32 44 19
64 87 26
33 58 12
84 63 30
255 256 96
260 267 99
281 286 117
559 569 215
160 176 66
377 389 150
301 308 126
599 572 235
535 528 209
222 223 93
53 34 15
504 493 192
442 437 171
244 265 104
264 270 105
176 157 69
591 575 235
473 470 184
115 111 36
226 222 88
88 66 30
352 335 138
321 314 124
326 307 129
13 23 11
32 35 15
381 378 154
273 289 112
148 138 55
453 464 190
570 546 216
586 598 229
64 80 28
26 7 9
263 264 96
582 593 234
369 388 146
257 269 106
158 157 69
269 250 98
522 526 208
348 352 140
347 353 141
554 566 225
213 215 85
177 153 69
60 52 19
386 376 154
336 356 132
394 404 166
221 240 93
462 463 186
52 39 21
110 120 44
283 293 116
530 535 214
341 358 134
9 1 8
353 334 135
217 235 86
224 215 87
73 80 32
501 508 198
528 517 204
399 418 163
429 425 180
437 422 178
177 164 62
387 373 154
77 66 34
475 456 185
396 416 156
559 543 226
282 294 110
95 98 43
152 174 68
176 165 64
264 248 104
114 117 42
527 539 210
147 126 52
416 417 164
211 225 85
44 54 15
23 25 4
58 41 14
42 32 22
54 43 12
417 392 161
516 538 210
275 294 111
464 471 184
513 534 210
346 341 134
178 159 68
80 82 29
337 347 133
107 95 41
485 506 198
386 384 149
63 65 25
357 333 141
532 531 214
382 389 153
435 424 171
275 289 108
271 282 108
450 429 173
426 434 179
85 77 26
492 498 194
323 326 130
257 267 106
403 410 158
103 96 43
202 198 80
536 524 207
324 308 128
321 326 128
308 329 131
451 458 186
246 256 96
262 259 101
546 556 216
282 286 111
321 319 125
427 421 168
179 162 63
73 88 25
189 202 81
101 110 38
542 560 216
52 35 18
64 63 26
565 566 215
581 580 240
40 37 22
79 65 27
345 338 143
351 360 143
91 106 46
47 57 13
4 26 7
457 476 189
566 546 216
164 153 70
94 108 36
561 547 217
513 520 214
263 256 104
240 216 93
263 261 106
573 600 234
304 320 123
41 53 14
444 425 171
303 321 127
75 67 24
149 122 55
122 139 53
593 583 236
396 414 162
347 332 139
542 567 221
170 173 64
127 124 54
288 294 110
526 523 211
74 61 28
107 119 46
361 375 145
589 572 233
419 407 166
438 445 176
545 568 226
302 305 124
112 96 47
253 260 98
423 442 176
191 203 74
458 479 191
575 579 240
238 225 88
352 353 139
552 569 227
471 476 188
531 534 210
385 377 146
202 192 73
155 161 65
296 292 115
401 412 166
46 60 23
425 450 174
75 73 24
409 393 166
274 291 108
36 55 18
162 155 66
283 291 119
148 123 57
165 167 70
291 275 115
45 31 23
150 122 56
366 382 153
251 254 100
562 559 221
498 481 202
197 202 76
267 250 95
403 392 163
517 534 208
72 70 30
548 569 222
15 17 10
570 564 225
83 78 26
147 124 59
425 443 174
74 88 34
119 102 47
560 570 224
446 439 170
134 138 53
443 445 171
480 459 191
114 119 39
460 476 186
517 526 214
416 411 167
309 312 128
228 217 84
215 220 86
42 54 16
435 448 175
51 38 18
33 51 13
206 201 83
471 453 187
153 151 66
273 287 114
223 237 94
89 62 29
86 83 33
294 284 114
78 85 29
393 391 167
207 202 73
600 588 240
93 105 44
396 420 156
506 493 203
584 573 234
504 494 195
34 35 14
284 276 119
125 133 57
403 393 164
441 423 169
333 351 133
104 111 46
300 273 114
187 190 82
567 557 226
504 485 195
449 422 175
188 201 78
490 481 192
194 195 74
181 198 82
548 545 223
117 110 39
309 324 125
485 484 194
344 345 134
267 252 99
248 269 102
30 6 5
76 72 28
135 141 54
300 287 114
172 175 61
441 435 174
86 65 29
26 15 4
39 50 22
205 190 78
417 402 159
360 346 143
1 31 241
534 533 206
316 329 131
275 272 118
411 399 155
124 139 58
326 330 126
523 530 212
378 386 153
123 142 56
124 141 48
439 438 176
112 109 41
208 189 81
283 286 113
453 451 186
575 572 238
194 182 79
305 312 126
289 281 119
429 430 174
131 144 48
459 462 188
361 571 259
565 551 220
84 67 28
407 409 163
141 148 53
450 447 171
140 128 60
530 517 209
10 26 6
380 378 153
134 140 50
343 359 138
247 254 100
596 579 235
427 436 179
195 204 74
259 243 106
262 261 101
384 383 146
585 598 235
112 118 40
536 514 204
562 546 227
183 207 81
169 166 65
590 584 230
44 45 14
521 530 214
88 87 26
514 521 207
401 418 157
122 124 48
482 502 203
110 119 35
24 27 6
98 103 43
48 56 15
365 361 148
444 448 174
465 454 185
147 145 60
491 496 194
537 529 214
61 91 243
38 55 21
34 50 14
40 53 23
200 193 80
502 487 202
527 520 210
529 515 207
314 313 124
131 139 59
457 456 182
291 285 114
56 43 23
547 565 221
54 35 15
388 387 146
416 415 155
253 248 103
238 224 94
25 5 9
11 10 6
57 50 14
115 92 37
358 350 133
403 408 162
32 52 23
508 505 192
154 165 65
351 345 134
57 42 16
536 523 208
144 148 54
508 483 192
180 176 66
36 57 23
422 439 173
49 42 16
81 72 29
146 134 51
206 197 80
104 112 37
72 73 33
108 103 42
71 62 31
87 79 34
143 139 55
243 255 104
331 340 132
171 154 65
396 400 160
398 414 164
29 12 3
201 186 79
6 24 2
583 576 230
433 441 179
546 548 227
176 173 70
367 380 149
159 180 71
364 371 147
100 119 38
364 369 148
373 381 153
121 134 49
271 294 120
223 236 88
207 182 72
5 2 4
362 389 149
264 269 99
162 157 71
197 187 73
96 113 41
560 567 219
361 301 252
257 249 100
539 521 205
418 395 166
592 582 230
280 300 113
595 588 236
254 267 95
482 485 195
523 529 209
582 599 233
600 575 234
522 512 204
363 390 146
51 57 19
411 412 161
184 203 75
510 496 203
593 575 234
126 138 57
264 256 106
237 233 93
465 467 190
570 550 220
423 430 171
75 88 28
503 494 202
137 148 54
508 502 200
431 430 180
272 295 113
162 159 68
404 397 160
32 50 21
514 526 204
9 24 5
82 81 34
556 555 216
462 453 187
293 287 110
122 133 55
544 560 224
101 96 35
150 130 53
241 243 107
316 328 121
451 455 182
137 142 51
238 216 90
396 403 163
490 505 198
312 329 123
298 299 114
35 42 20
332 339 134
144 138 50
356 345 140
538 525 208
80 78 33
201 183 73
580 573 231
571 600 240
78 67 24
96 98 47
201 208 78
342 352 133
492 504 196
447 425 176
434 442 179
536 530 208
532 530 209
349 359 134
295 298 110
254 261 106
587 598 234
288 298 115
228 215 88
335 334 134
31 48 22
539 536 213
462 480 184
118 101 37
593 597 236
492 503 193
30 12 4
545 557 221
51 36 19
56 34 22
180 164 63
569 560 215
40 39 19
472 474 185
380 364 148
370 372 150
525 514 210
206 186 72
188 205 81
462 458 182
216 227 94
426 433 170
236 233 93
515 524 207
555 558 218
293 282 114
577 581 232
330 314 123
17 11 7
231 222 89
162 176 65
463 470 181
218 211 88
38 34 18
313 307 128
133 137 59
362 372 144
345 331 143
208 205 72
587 583 239
464 476 185
301 121 250
501 507 199
569 557 226
65 70 26
502 510 199
120 102 41
511 515 208
590 573 239
320 313 121
236 230 88
27 3 9
315 326 124
155 172 63
291 282 112
315 328 124
432 436 171
56 46 23
31 44 15
210 190 82
295 293 111
500 510 196
321 304 125
108 105 38
598 591 233
570 549 227
21 9 6
474 456 182
394 418 166
355 336 138
498 504 193
68 61 28
113 114 36
60 51 23
219 238 86
557 559 223
600 580 233
561 566 227
268 264 104
251 260 98
47 52 16
433 431 176
220 216 94
21 3 7
120 114 45
14 9 8
167 180 67
337 349 142
519 525 210
442 439 172
92 110 36
515 528 208
352 337 142
351 358 138
215 221 92
64 85 34
503 491 194
206 195 80
419 405 163
199 192 76
387 382 152
385 364 154
394 410 164
147 129 53
172 177 66
135 148 55
384 380 152
502 485 198
285 290 109
55 40 18
408 397 158
343 358 140
48 42 14
313 330 126
184 185 74
203 207 77
305 326 129
28 1 9
260 261 101
545 566 220
71 65 32
22 7 6
164 172 62
548 564 224
385 386 154
45 51 14
489 508 201
349 342 136
583 581 236
465 478 184
246 251 95
385 367 146
596 584 231
584 594 234
75 61 25
441 432 172
587 573 234
488 484 198
54 48 13
342 332 142
253 258 102
347 336 133
463 472 191
129 125 60
119 96 37
56 51 23
302 313 122
579 591 228
496 504 192
110 94 44
57 53 17
473 476 190
226 236 94
190 193 82
408 418 163
237 214 86
238 237 86
163 170 61
418 413 165
386 364 144
534 530 212
86 79 32
328 309 128
415 411 156
528 523 205
582 591 232
436 431 177
275 279 120
39 37 19
84 74 34
231 232 94
289 296 110
99 120 47
93 118 42
125 144 51
440 435 169
97 104 40
45 46 18
393 418 162
559 553 215
280 281 120
387 379 154
543 541 227
167 161 67
320 323 124
171 169 65
97 108 38
247 266 95
338 351 138
480 467 187
195 201 74
134 123 54
132 142 50
134 144 54
399 420 167
55 47 13
411 410 161
321 329 123
478 480 185
529 531 213
366 361 147
353 342 133
287 283 119
174 175 65
447 426 172
149 132 53
291 279 108
515 520 206
240 215 90
11 4 6
17 27 4
11 5 5
188 184 78
227 239 90
76 73 31
597 582 233
161 154 66
316 319 125
515 512 205
307 312 131
67 76 34
374 361 148
530 537 204
460 459 190
464 459 188
503 490 203
486 507 203
579 580 234
303 324 124
479 469 191
279 296 115
313 312 126
482 507 192
551 561 221
40 60 22
253 267 102
132 141 52
527 526 211
144 121 60
355 332 141
183 203 73
518 516 206
1 61 242
53 52 19
469 474 182
236 228 93
313 323 131
575 597 236
342 348 134
370 363 154
551 546 215
586 583 233
391 417 155
143 126 49
286 277 119
112 103 46
136 127 59
434 423 174
384 381 150
152 155 64
531 511 209
444 438 170
6 11 4
1 3 6
9 3 7
551 568 217
431 444 168
116 117 44
573 598 237
183 198 79
16 17 11
482 500 201
168 163 67
264 249 104
343 355 135
348 333 139
136 131 57
365 390 150
335 359 134
208 183 72
71 69 31
357 347 133
549 568 223
116 95 40
102 93 47
212 222 84
553 546 223
20 13 1
403 398 163
463 457 188
326 304 127
77 70 30
587 572 238
537 538 206
513 540 206
270 261 103
536 528 213
351 331 135
455 475 189
96 120 36
78 87 30
437 421 175
134 136 50
422 433 175
267 242 101
509 483 194
441 424 168
379 365 147
262 251 106
131 146 56
563 568 225
589 592 232
270 246 96
271 284 109
124 135 51
495 486 193
369 367 146
263 268 105
90 71 33
71 83 26
590 585 229
246 266 96
68 90 32
340 360 142
29 8 11
533 516 214
414 419 159
156 174 62
85 67 26
530 520 206
249 261 95
262 252 96
594 600 235
109 103 35
56 45 20
360 341 135
600 593 230
391 416 160
343 356 143
465 469 186
125 150 54
93 103 44
307 308 129
282 299 113
556 564 226
352 360 139
51 37 19
461 454 186
39 58 21
219 217 86
242 248 106
61 65 28
262 245 102
537 514 206
383 387 153
296 274 108
232 239 93
598 594 234
405 414 166
432 449 173
514 535 214
93 109 46
198 206 75
26 5 9
450 421 180
2 13 2
434 446 171
87 80 24
573 596 239
89 77 30
479 452 183
352 357 133
496 506 203
329 319 131
16 19 5
568 544 226
81 78 34
319 315 126
26 16 10
90 63 26
464 478 185
123 139 52
421 425 171
288 276 117
586 577 239
178 180 65
231 223 93
452 455 184
475 467 182
269 252 107
517 525 204
434 421 169
466 478 181
437 443 170
21 4 5
598 584 233
530 528 213
298 300 113
268 249 103
532 516 213
164 159 68
423 446 179
519 521 211
311 330 126
373 376 151
538 511 210
139 146 50
232 230 89
506 486 192
301 324 131
445 447 180
423 448 177
115 101 40
388 374 154
73 81 33
183 209 74
96 102 41
30 16 8
31 481 256
200 210 76
77 88 33
547 554 220
221 230 94
235 214 94
345 348 141
568 562 220
551 560 218
563 561 226
371 380 154
134 139 55
179 158 71
480 456 185
159 167 67
455 476 189
470 460 189
193 206 83
204 194 75
199 207 73
151 174 71
382 381 154
29 19 11
57 52 13
543 562 226
373 375 144
366 388 150
520 538 208
163 180 66
477 474 186
88 63 24
203 192 73
520 522 210
266 253 101
9 10 10
173 178 64
80 86 28
468 463 187
186 205 78
535 517 206
474 453 184
173 172 63
237 228 90
298 284 113
512 521 211
188 195 83
147 121 58
125 139 48
522 531 209
36 45 13
584 571 229
299 272 115
105 106 36
53 33 13
561 570 223
290 277 110
43 59 18
234 213 90
416 403 161
326 310 126
23 26 10
471 454 185
162 153 67
17 9 7
166 179 71
133 141 59
303 309 127
506 497 200
33 59 14
332 344 139
4 15 5
516 527 214
300 297 111
254 266 105
55 32 21
245 266 100
600 598 233
143 147 56
136 132 51
488 495 203
276 297 112
180 166 68
340 353 143
229 223 89
116 106 46
379 381 153
200 208 73
234 230 92
212 215 85
200 207 74
445 422 173
86 76 34
92 117 41
151 159 68
210 202 79
217 218 84
373 380 152
295 286 115
329 315 121
166 176 70
14 3 10
244 268 106
147 132 53
18 13 7
111 112 41
182 192 82
16 28 1
397 416 155
400 417 155
540 516 213
33 48 19
446 442 175
562 551 226
524 511 208
102 95 41
411 401 161
458 457 189
551 554 220
64 69 28
388 370 148
12 7 11
425 439 168
336 357 143
564 563 216
423 450 174
573 592 236
19 18 10
336 351 139
193 204 72
19 21 5
313 322 131
277 281 112
350 343 140
169 168 70
159 174 65
477 465 187
393 412 166
363 383 153
463 473 191
470 454 183
455 472 183
322 324 125
438 426 177
448 445 170
232 216 93
307 306 122
244 254 106
436 433 173
53 42 13
52 37 22
427 449 176
46 54 12
514 519 208
329 322 128
14 26 5
439 434 175
61 81 29
15 29 1
499 487 202
23 22 3
309 310 130
294 298 114
133 143 56
117 107 46
412 395 162
140 127 50
298 273 117
553 543 224
283 276 110
333 355 140
220 227 90
472 457 186
221 219 91
354 348 133
322 307 126
505 493 195
309 314 128
489 487 199
227 238 93
567 554 215
466 469 185
337 339 139
300 275 114
225 223 84
86 74 27
368 364 152
541 241 258
492 482 202
523 525 204
331 344 135
424 446 168
119 98 42
467 477 184
29 23 9
399 407 160
156 157 62
211 216 87
271 287 115
573 591 229
381 361 149
238 223 85
105 119 43
66 70 34
206 185 78
314 328 125
370 377 150
476 451 185
154 176 67
306 324 122
263 246 101
581 586 237
89 82 33
402 403 159
209 193 78
325 323 124
573 589 232
402 412 156
138 150 60
433 425 177
447 424 179
357 353 137
167 164 62
191 196 74
339 358 141
400 420 160
427 431 172
115 116 35
513 515 205
161 160 66
373 378 145
423 439 172
553 542 223
481 495 203
179 171 63
158 151 66
423 437 174
316 315 127
421 432 168
433 443 176
14 17 2
292 289 112
312 326 125
536 529 212
24 1 11
360 356 141
151 121 245
510 501 203
331 31 251
493 508 200
327 324 126
533 513 213
102 104 41
52 42 13
326 316 130
556 566 226
378 383 146
475 472 181
365 362 145
410 401 158
57 32 12
402 396 161
142 139 52
564 555 226
466 480 188
546 550 220
411 397 157
393 405 164
3 24 4
260 244 104
343 340 142
414 418 164
488 501 198
535 527 206
576 597 232
156 175 65
380 370 146
186 207 83
83 63 33
196 204 72
147 150 51
309 317 127
455 462 186
365 374 147
469 471 185
232 237 92
182 189 74
207 192 76
110 111 41
484 506 202
352 358 140
562 561 221
544 565 224
578 590 240
451 459 188
190 203 83
474 452 188
377 366 154
486 505 198
553 566 221
255 264 106
371 389 145
118 114 44
166 167 71
216 218 86
148 136 49
352 332 143
337 358 136
400 413 161
273 291 109
291 280 114
253 262 106
345 346 138
172 174 65
388 375 148
448 438 175
150 137 54
589 593 235
501 481 195
271 300 120
283 281 116
65 62 25
80 84 32
211 215 88
191 210 75
412 404 157
403 417 162
479 472 188
452 463 182
250 270 100
397 415 161
306 318 121
461 460 186
17 25 2
236 235 94
303 312 127
540 518 212
111 99 35
333 359 134
224 236 87
207 201 79
205 193 75
326 301 125
552 562 216
47 46 17
325 317 122
198 192 74
370 384 152
64 86 24
180 162 64
308 312 122
159 171 66
246 248 107
164 154 70
552 546 221
270 260 104
539 512 209
58 55 12
152 179 63
285 286 111
424 427 174
305 301 122
380 385 154
498 483 199
269 246 97
46 41 14
28 9 8
323 329 129
541 566 220
392 415 157
250 263 101
342 357 136
196 195 78
550 563 221
39 32 14
15 19 6
71 80 34
300 293 110
243 268 102
294 300 115
492 509 198
114 99 44
148 149 54
488 505 201
169 165 66
41 52 17
476 462 185
29 2 3
207 209 74
322 323 123
406 414 166
537 523 214
587 592 231
53 47 21
58 52 20
495 496 198
29 22 8
185 182 75
124 146 48
589 574 238
116 97 35
252 246 101
371 390 153
406 405 156
122 145 53
330 306 125
470 461 190
230 214 88
285 284 111
334 356 142
474 451 191
317 330 127
22 5 3
453 459 187
239 236 93
477 472 186
574 597 239
521 540 213
357 332 132
561 565 216
114 96 42
137 123 54
14 4 10
338 355 141
235 228 89
289 272 113
133 126 50
53 44 22
304 323 131
352 341 137
322 327 126
215 231 90
553 548 223
245 248 103
224 211 88
202 203 79
475 473 184
192 204 76
376 372 148
557 549 220
351 357 139
585 586 231
163 164 64
478 459 188
404 401 160
200 189 82
383 371 146
87 83 33
365 371 152
116 91 40
359 357 134
15 16 7
130 123 51
273 296 119
311 305 125
143 145 51
201 187 79
56 36 12
349 357 133
60 50 16
515 536 209
69 75 30
563 546 221
465 476 184
170 161 70
59 57 14
261 266 107
301 303 126
130 141 54
258 247 98
152 163 62
203 197 81
344 354 135
440 427 170
480 476 186
111 116 47
469 468 190
31 241 248
521 515 212
330 316 128
185 192 80
117 100 35
448 434 173
404 416 165
234 217 88
233 221 86
459 467 187
47 56 20
483 505 200
231 229 93
547 558 218
571 597 238
571 577 228
99 113 45
275 297 116
404 411 166
527 522 205
370 366 154
380 382 149
491 508 194
407 417 166
409 419 155
206 196 83
66 68 26
455 461 185
417 404 155
139 138 56
394 408 156
210 201 83
155 173 61
220 213 94
230 237 84
85 80 34
484 503 195
410 420 164
13 22 11
295 288 116
9 12 8
283 272 115
130 129 54
437 433 179
513 514 206
97 115 41
45 38 23
478 473 184
451 211 255
260 242 96
523 538 205
588 594 230
176 151 65
483 501 193
267 266 104
444 450 175
69 67 26
351 356 143
240 213 86
211 391 253
423 440 179
130 131 60
162 163 66
406 391 166
175 167 62
368 366 146
536 533 213
595 597 240
96 116 36
403 409 155
209 185 74
572 600 236
158 162 62
273 292 116
298 287 114
444 432 170
127 149 56
588 584 233
437 448 174
354 335 135
379 386 152
236 214 84
254 262 97
446 429 175
127 121 48
150 143 50
65 78 28
363 384 150
214 221 87
478 451 189
159 153 67
567 550 215
387 380 144
113 100 41
65 81 30
502 497 196
91 117 35
357 350 134
497 487 193
471 459 186
221 239 85
365 386 149
259 253 95
84 86 29
30 9 11
531 515 210
117 103 42
356 335 138
464 467 182
290 278 120
552 545 221
414 420 165
316 317 131
156 180 65
226 217 94
243 262 106
374 384 154
353 341 134
183 205 80
140 135 49
522 523 213
14 30 3
35 56 18
196 210 83
378 387 150
361 368 148
379 373 149
15 27 7
507 492 196
50 58 13
55 33 20
155 175 69
532 537 212
273 284 114
73 86 28
211 231 89
195 198 81
185 204 75
301 328 129
373 372 153
332 335 135
339 340 139
199 209 74
296 284 111
574 591 228
582 586 231
83 66 34
14 22 2
496 497 197
155 176 69
597 600 231
43 40 22
72 62 24
102 112 36
381 365 150
127 131 52
284 286 110
377 376 151
