100 1000
1 2 4
1 3 33
1 4 39
1 5 31
2 6 34
1 7 33
3 8 31
1 9 45
5 10 1
8 11 11
1 12 10
6 13 36
1 14 19
9 15 27
13 16 1
9 17 1
8 18 27
3 19 33
1 20 15
13 21 9
16 22 5
17 23 33
15 24 27
6 25 15
22 26 11
13 27 27
27 28 1
1 29 39
7 30 3
16 31 41
22 32 40
1 33 45
11 34 41
3 35 10
2 36 5
15 37 47
19 38 7
35 39 29
4 40 49
11 41 3
8 42 28
19 43 47
26 44 22
20 45 43
31 46 1
27 47 10
25 48 46
17 49 21
39 50 43
35 51 9
25 52 15
51 53 1
19 54 10
28 55 31
23 56 18
43 57 22
37 58 8
5 59 27
11 60 11
27 61 17
42 62 20
61 63 37
28 64 36
15 65 19
49 66 25
9 67 36
36 68 5
53 69 18
58 70 1
27 71 13
34 72 17
30 73 33
71 74 47
6 75 29
22 76 41
7 77 22
56 78 7
33 79 41
46 80 24
53 81 3
1 82 44
7 83 26
2 84 25
13 85 1
41 86 31
15 87 14
36 88 46
41 89 31
14 90 1
69 91 43
69 92 44
9 93 17
19 94 21
57 95 41
73 96 12
7 97 39
30 98 50
63 99 34
16 100 41
22 81 1
9 31 37
53 27 1
33 9 13
13 79 21
17 13 18
9 21 5
44 13 5
9 62 41
55 76 11
92 73 10
5 51 25
97 84 44
69 40 23
52 87 37
97 87 42
41 56 1
74 38 2
9 71 1
15 11 9
97 38 11
75 13 6
19 73 49
51 6 21
93 1 21
68 16 41
31 78 11
30 72 11
78 6 21
14 93 37
29 92 10
70 9 25
16 43 9
94 78 7
13 6 41
75 61 29
78 18 11
50 54 23
13 93 18
51 21 9
55 93 3
73 89 16
84 13 45
71 26 45
46 61 20
13 40 21
48 68 34
44 6 37
84 55 49
19 46 11
33 28 11
72 1 5
61 97 41
86 93 50
85 84 1
98 87 23
88 92 31
13 56 47
74 85 23
92 8 31
8 83 41
13 47 49
92 98 13
10 75 9
42 13 41
13 16 43
38 95 30
26 65 41
41 73 23
60 40 25
9 74 9
59 19 23
5 81 4
10 13 39
8 76 19
92 46 41
9 96 16
46 79 27
94 35 29
71 85 3
13 46 44
34 84 1
76 73 49
31 54 13
25 78 7
92 20 11
59 10 27
78 22 46
7 86 25
72 23 33
9 51 41
6 87 11
38 32 47
12 31 39
10 72 45
6 22 15
33 97 26
92 86 11
13 21 37
13 76 13
98 92 17
71 76 31
13 72 26
33 94 45
21 65 26
52 8 3
76 21 33
12 71 1
8 71 33
79 97 25
52 30 49
32 84 9
9 1 45
1 6 11
42 34 42
8 84 1
12 88 17
13 64 43
25 87 11
6 46 15
56 26 29
13 6 13
18 56 31
76 74 15
94 25 37
9 35 37
57 19 47
13 97 43
89 14 33
87 97 27
9 10 41
13 65 18
95 66 37
66 10 38
26 92 11
78 27 14
13 76 9
7 96 22
47 68 31
57 46 29
46 34 18
16 57 21
87 46 29
79 31 13
9 22 39
2 71 18
13 68 44
94 15 26
76 88 1
25 26 41
76 61 45
51 26 3
25 9 13
90 40 50
13 97 25
99 13 31
9 95 11
41 93 47
26 84 11
56 84 6
9 65 10
48 84 23
62 1 13
34 12 11
26 92 11
32 6 10
92 71 29
85 72 7
85 62 35
84 10 21
95 57 6
9 21 13
58 76 50
19 6 17
56 12 48
22 28 7
21 68 43
11 68 30
22 61 36
31 32 38
33 96 21
28 56 9
68 62 16
42 19 25
32 74 21
90 40 10
88 12 47
34 22 31
94 31 47
54 15 36
33 92 2
30 55 11
58 22 17
28 85 5
31 13 12
56 87 4
30 13 44
41 78 31
60 33 8
46 84 49
13 50 9
25 7 37
62 7 43
1 7 41
33 38 47
31 19 46
78 31 30
68 9 49
33 6 6
83 87 9
86 13 7
62 54 34
87 80 18
79 56 37
93 25 33
26 5 1
21 68 17
32 62 8
42 87 26
31 13 31
93 32 13
84 13 21
84 94 17
13 87 21
97 53 1
13 30 7
6 9 1
87 31 17
73 85 15
51 13 1
90 30 11
81 34 13
60 67 27
84 22 23
87 92 1
95 47 49
84 9 11
56 19 46
47 32 46
38 31 48
31 96 36
67 72 37
96 68 19
71 97 20
55 61 24
96 76 46
85 96 16
10 51 39
52 32 11
92 93 23
78 45 21
10 8 1
73 28 24
9 1 31
1 71 17
97 76 30
75 69 12
13 58 33
60 1 1
11 22 1
75 59 41
27 19 29
5 78 28
17 14 31
28 22 35
30 29 23
85 18 49
70 47 49
72 23 37
53 13 31
19 71 21
56 47 41
84 25 46
93 61 47
49 54 49
25 71 39
22 16 29
13 56 5
85 76 19
29 93 49
13 78 32
71 76 27
53 9 29
25 73 17
31 1 26
75 21 13
12 4 44
13 55 11
28 21 7
7 87 27
9 51 21
12 19 8
45 97 7
44 98 45
13 31 13
31 55 29
13 97 16
82 66 41
62 11 19
70 92 34
30 87 44
62 45 11
87 96 19
13 23 25
9 48 41
73 98 41
57 20 21
31 50 14
16 86 16
84 34 1
93 20 28
1 10 1
50 13 3
51 31 36
88 6 7
84 75 36
84 92 16
46 57 38
97 51 22
71 57 37
65 94 4
17 76 15
3 36 45
46 32 23
50 68 29
92 71 5
78 32 27
71 47 23
54 9 1
72 50 31
9 81 37
54 16 1
78 38 5
75 31 21
75 15 26
13 19 6
62 73 26
66 4 41
62 31 26
76 72 45
46 79 39
47 11 36
73 78 6
13 85 41
86 26 32
76 89 9
87 73 47
34 13 1
73 1 31
94 34 47
17 49 37
54 82 23
31 70 26
22 13 37
70 1 3
12 28 11
50 51 45
13 55 11
16 17 37
84 63 41
31 6 29
6 97 3
63 75 27
13 9 27
21 1 19
86 62 3
95 68 35
12 64 39
88 62 15
86 18 45
62 55 50
88 31 50
68 70 29
71 84 31
25 38 19
8 1 10
44 25 4
62 38 9
13 98 14
31 69 39
65 53 43
94 78 3
31 96 20
73 95 16
6 87 29
62 89 43
32 84 34
22 49 31
90 19 19
85 89 21
75 85 3
12 64 4
30 21 35
22 21 7
46 26 3
37 33 13
99 34 41
43 13 40
78 12 27
3 41 8
6 81 11
42 71 43
23 31 49
28 33 36
61 13 1
13 98 45
45 32 31
48 14 2
13 75 41
37 98 21
12 95 10
22 39 9
28 78 11
51 32 13
17 65 21
71 64 20
10 78 50
88 62 29
75 20 16
85 19 49
46 22 35
51 38 40
71 14 10
94 46 27
49 56 21
74 91 31
13 87 41
78 52 7
54 48 21
100 30 5
13 71 1
62 84 25
32 62 45
33 38 37
9 13 44
38 85 1
13 87 24
61 13 13
85 22 3
34 72 50
78 92 7
18 84 27
75 56 13
81 40 16
22 13 6
13 10 31
94 84 5
59 13 18
27 25 46
7 24 9
46 74 9
98 68 14
92 16 7
49 40 7
84 76 3
33 7 1
93 9 11
87 40 1
5 92 23
79 66 47
31 46 41
71 34 35
13 53 1
33 16 33
82 31 40
76 13 48
51 70 30
77 93 35
13 21 43
87 47 37
22 59 46
38 42 30
65 89 28
97 51 48
12 32 39
22 31 1
1 92 42
78 1 38
73 24 31
49 38 35
12 6 37
85 65 18
89 26 36
67 92 11
71 7 37
4 71 5
32 97 13
81 9 29
95 43 17
59 26 35
81 72 1
12 84 14
9 61 11
56 46 49
66 45 11
21 15 30
9 76 49
13 85 39
32 6 1
22 20 36
1 51 9
76 25 15
22 97 7
92 33 4
13 26 45
83 81 37
26 48 27
8 84 46
78 56 19
8 19 36
98 13 33
9 13 4
89 21 16
1 68 34
80 13 13
12 31 29
68 92 20
21 31 45
13 28 6
50 10 25
85 76 39
92 38 11
59 55 21
69 13 30
86 30 3
19 78 49
13 31 15
12 46 23
34 96 15
1 40 5
87 13 18
57 66 15
78 84 41
95 68 43
35 66 46
13 8 25
74 6 1
92 25 1
97 13 33
59 76 29
94 47 23
71 46 7
55 78 39
22 89 21
68 13 5
88 33 15
46 51 35
13 87 18
33 31 23
36 21 26
42 73 5
48 86 39
11 94 11
92 62 50
48 67 31
87 27 18
48 33 7
51 74 48
86 46 7
97 52 31
30 75 9
38 26 39
1 66 22
56 71 49
12 68 15
84 1 36
88 96 12
13 32 33
9 72 1
32 49 36
22 89 17
9 40 37
12 84 1
76 13 41
84 26 1
94 66 31
33 87 26
13 65 35
65 13 47
13 81 19
31 90 12
4 77 1
56 95 20
89 94 20
66 10 7
30 59 19
84 13 41
31 75 47
76 13 13
38 4 26
76 33 3
55 91 19
95 50 4
31 9 9
81 30 34
22 70 33
41 49 1
38 92 39
56 86 35
34 9 50
16 18 14
31 73 11
92 84 39
12 46 31
13 55 31
89 74 11
27 17 21
26 97 39
59 71 43
88 22 31
62 34 5
76 6 23
95 94 13
55 62 1
76 84 21
57 92 31
70 22 13
97 62 19
4 30 25
93 62 11
52 62 22
58 71 6
28 8 39
87 9 11
22 32 13
71 87 47
32 15 41
1 97 1
86 62 11
19 63 1
8 62 33
37 28 41
1 73 49
62 9 1
51 66 29
76 90 28
98 56 30
33 78 14
46 66 21
72 83 12
100 87 9
84 56 1
87 47 50
42 29 33
74 90 29
8 89 31
31 45 9
49 28 16
87 3 32
62 68 22
19 10 36
57 23 31
38 85 19
78 73 35
40 47 16
33 72 41
80 1 1
62 19 45
3 84 29
25 49 11
88 10 47
25 76 16
85 70 41
25 31 7
1 76 13
13 68 33
62 87 33
26 25 11
38 10 13
34 5 27
61 3 11
68 73 9
94 16 9
92 15 41
32 68 19
21 97 33
76 62 19
40 12 33
89 11 22
70 13 41
65 84 21
87 75 12
55 32 43
71 38 38
89 97 27
86 33 39
21 25 22
49 52 20
1 77 23
62 92 7
8 85 43
15 9 31
51 40 35
25 51 32
38 1 26
87 52 41
62 85 30
37 26 35
17 40 11
22 94 31
9 75 31
76 38 1
85 75 27
31 96 35
71 22 19
38 85 11
90 6 32
59 49 34
62 89 1
85 33 31
31 13 29
31 76 5
38 89 21
76 97 1
52 50 6
1 81 24
32 31 11
5 59 21
65 75 15
76 30 11
59 62 24
70 91 1
67 33 39
25 76 41
44 68 45
52 7 23
13 31 31
32 89 45
72 96 41
73 84 21
37 26 26
68 84 37
19 91 9
6 24 15
52 12 30
55 24 9
13 31 38
1 13 49
49 9 31
23 75 1
38 32 41
93 43 16
55 22 32
38 62 6
22 81 21
92 78 47
96 2 32
39 1 50
21 13 49
58 31 14
90 63 26
4 71 25
44 62 26
19 85 49
9 62 11
31 19 41
94 75 40
13 75 17
94 26 23
25 31 13
38 12 21
13 76 1
12 20 19
6 57 6
19 50 19
13 33 1
38 93 30
32 85 26
84 2 11
52 33 21
33 79 14
81 8 43
88 9 19
84 85 41
7 17 12
42 67 21
94 31 38
62 71 23
94 71 26
91 55 46
32 83 45
62 1 48
49 66 11
32 2 17
59 15 1
74 81 41
2 58 21
13 36 49
13 93 21
94 76 9
59 62 1
58 36 22
12 68 41
29 31 13
65 21 29
64 66 26
19 22 1
78 14 1
84 97 5
71 25 3
12 30 39
79 96 41
9 58 7
76 97 21
56 13 31
71 68 37
46 9 25
84 81 17
78 12 21
6 9 3
93 76 38
59 27 1
55 26 1
16 87 1
84 82 42
13 62 41
14 84 3
78 93 22
82 38 26
77 55 13
31 20 15
16 84 41
22 9 25
12 94 21
11 93 9
21 97 19
94 51 31
80 53 23
68 62 23
1 22 45
35 2 13
49 84 17
62 32 32
31 84 41
38 33 33
42 78 31
71 7 32
96 60 9
74 97 43
97 47 3
31 47 30
66 48 16
82 31 33
1 13 26
76 55 21
26 76 13
18 56 2
13 88 19
94 68 45
2 31 11
55 6 11
56 68 50
68 40 15
66 19 45
28 56 14
17 19 37
38 81 45
95 38 13
22 12 27
69 72 34
81 38 26
25 94 2
98 97 7
39 21 10
65 63 15
25 90 13
54 32 17
34 6 41
66 81 37
86 37 44
96 58 49
13 30 30
84 30 1
68 1 41
68 87 36
49 76 11
27 53 29
76 59 3
81 94 31
31 57 11
16 51 1
13 66 35
93 7 39
62 46 23
13 89 21
26 21 31
51 85 1
42 71 46
12 52 19
57 76 11
97 93 25
57 62 27
98 75 40
28 79 6
19 38 11
56 70 21
81 2 19
25 72 33
76 9 3
92 80 49
59 76 1
