100 99
13 2 1
2 10 1
13 99 1
10 97 1
99 28 1
13 59 2
59 83 1
13 87 1
99 91 2
2 19 2
59 63 1
59 33 2
97 41 1
91 72 2
72 52 2
87 92 1
72 42 1
97 95 1
10 18 1
42 9 1
95 48 1
63 65 2
18 67 2
28 66 1
95 8 1
13 7 2
72 77 1
65 6 1
67 100 1
33 78 1
63 82 1
66 55 2
65 36 1
83 57 1
65 40 1
10 26 2
19 4 1
13 88 1
33 17 1
33 62 1
57 69 1
26 15 1
40 14 1
92 25 1
7 56 2
72 98 1
48 20 1
100 21 1
62 60 2
48 76 1
20 34 1
33 22 2
77 29 1
29 79 1
21 16 1
13 51 1
17 35 1
40 37 2
7 45 2
56 84 1
2 39 1
22 47 2
60 61 1
55 85 2
62 96 1
19 58 1
37 23 1
10 38 1
35 24 1
26 71 1
77 90 1
76 32 2
18 80 1
16 74 2
6 93 1
57 12 1
69 3 1
15 89 1
92 43 1
76 31 1
69 53 1
21 73 2
63 54 1
84 68 1
92 30 1
8 86 1
33 44 1
61 75 1
74 70 1
78 46 2
79 27 1
32 94 1
32 11 1
66 49 2
30 81 1
92 1 2
11 64 1
88 50 1
75 5 1
