100 99
13 2 2
2 10 2
10 99 1
99 97 1
97 28 1
28 59 1
59 83 1
83 87 1
87 91 2
91 19 2
19 63 1
63 33 1
33 41 1
41 72 2
72 52 1
52 92 1
92 42 1
42 95 1
95 18 1
18 9 2
9 48 2
48 65 2
65 67 2
67 66 2
66 8 1
8 7 1
7 77 1
77 6 1
6 100 1
100 78 1
78 82 1
82 55 1
55 36 1
36 57 2
57 40 1
40 26 1
26 4 1
4 88 1
88 17 1
17 62 1
62 69 1
69 15 1
15 14 1
14 25 1
25 56 1
56 98 1
98 20 1
20 21 2
21 60 1
60 76 2
76 34 1
34 22 1
22 29 1
29 79 2
79 16 1
16 51 1
51 35 1
35 37 2
37 45 1
45 84 2
84 39 2
39 47 1
47 61 1
61 85 1
85 96 1
96 58 1
58 23 2
23 38 1
38 24 1
24 71 1
71 90 1
90 32 1
32 80 1
80 74 2
74 93 1
93 12 1
12 3 1
3 89 1
89 43 1
43 31 1
31 53 2
53 73 1
73 54 1
54 68 1
68 30 2
30 86 2
86 44 1
44 75 2
75 70 1
70 46 1
46 27 2
27 94 1
94 11 2
11 49 1
49 81 1
81 1 1
1 64 1
64 50 1
50 5 1
