100 1000
1 2 1
1 3 1
1 4 2
1 5 2
2 6 1
1 7 1
3 8 1
1 9 3
5 10 1
8 11 1
1 12 1
6 13 1
1 14 2
9 15 3
13 16 1
9 17 3
8 18 2
3 19 1
1 20 2
13 21 1
16 22 2
17 23 1
15 24 3
6 25 1
22 26 1
13 27 3
27 28 1
1 29 3
7 30 1
16 31 1
22 32 1
1 33 2
11 34 1
3 35 2
2 36 1
15 37 3
19 38 2
35 39 2
4 40 1
11 41 3
8 42 3
19 43 1
26 44 1
20 45 1
31 46 2
27 47 3
25 48 1
17 49 3
39 50 1
35 51 2
25 52 2
51 53 1
19 54 2
28 55 1
23 56 1
43 57 2
37 58 2
5 59 3
11 60 3
27 61 3
42 62 2
61 63 1
28 64 2
15 65 1
49 66 1
9 67 1
36 68 2
53 69 1
58 70 2
27 71 1
34 72 3
30 73 2
71 74 3
6 75 1
22 76 2
7 77 3
56 78 3
33 79 2
46 80 3
53 81 2
1 82 1
7 83 1
2 84 3
13 85 3
41 86 2
15 87 3
36 88 3
41 89 3
14 90 3
69 91 2
69 92 1
9 93 1
19 94 1
57 95 3
73 96 3
7 97 1
30 98 1
63 99 2
16 100 2
22 81 3
9 31 2
53 27 1
33 9 3
13 79 2
17 13 3
9 21 2
44 13 1
9 62 1
55 76 1
92 73 1
5 51 3
97 84 1
69 40 1
52 87 1
97 87 1
41 56 1
74 38 2
9 71 1
15 11 2
97 38 3
75 13 1
19 73 1
51 6 3
93 1 1
68 16 1
31 78 1
30 72 1
78 6 1
14 93 1
29 92 3
70 9 1
16 43 1
94 78 2
13 6 3
75 61 1
78 18 1
50 54 1
13 93 1
51 21 2
55 93 2
73 89 2
84 13 3
71 26 3
46 61 1
13 40 1
48 68 3
44 6 2
84 55 3
19 46 1
33 28 1
72 1 1
61 97 1
86 93 3
85 84 2
98 87 3
88 92 1
13 56 1
74 85 3
92 8 1
8 83 2
13 47 1
92 98 1
10 75 1
42 13 1
13 16 1
38 95 1
26 65 1
41 73 1
60 40 3
9 74 1
59 19 1
5 81 1
10 13 1
8 76 1
92 46 2
9 96 2
46 79 3
94 35 1
71 85 3
13 46 1
34 84 3
76 73 1
31 54 1
25 78 1
92 20 2
59 10 3
78 22 1
7 86 1
72 23 2
9 51 1
6 87 3
38 32 1
12 31 1
10 72 1
6 22 2
33 97 1
92 86 1
13 21 1
13 76 1
98 92 1
71 76 2
13 72 2
33 94 3
21 65 1
52 8 3
76 21 1
12 71 1
8 71 2
79 97 1
52 30 2
32 84 1
9 1 1
1 6 1
42 34 1
8 84 2
12 88 1
13 64 1
25 87 2
6 46 1
56 26 3
13 6 2
18 56 1
76 74 3
94 25 1
9 35 3
57 19 1
13 97 3
89 14 1
87 97 1
9 10 1
13 65 1
95 66 1
66 10 3
26 92 2
78 27 2
13 76 1
7 96 3
47 68 1
57 46 1
46 34 2
16 57 1
87 46 2
79 31 1
9 22 1
2 71 1
13 68 1
94 15 3
76 88 3
25 26 3
76 61 3
51 26 2
25 9 1
90 40 1
13 97 1
99 13 1
9 95 1
41 93 1
26 84 1
56 84 1
9 65 1
48 84 2
62 1 1
34 12 1
26 92 3
32 6 2
92 71 1
85 72 1
85 62 2
84 10 1
95 57 1
9 21 3
58 76 1
19 6 1
56 12 3
22 28 1
21 68 1
11 68 3
22 61 1
31 32 2
33 96 1
28 56 1
68 62 1
42 19 3
32 74 2
90 40 1
88 12 2
34 22 2
94 31 3
54 15 3
33 92 3
30 55 1
58 22 2
28 85 3
31 13 3
56 87 2
30 13 2
41 78 2
60 33 1
46 84 2
13 50 2
25 7 1
62 7 2
1 7 1
33 38 3
31 19 1
78 31 3
68 9 1
33 6 2
83 87 2
86 13 2
62 54 2
87 80 1
79 56 1
93 25 1
26 5 1
21 68 1
32 62 1
42 87 3
31 13 1
93 32 1
84 13 2
84 94 2
13 87 1
97 53 1
13 30 3
6 9 2
87 31 1
73 85 2
51 13 1
90 30 3
81 34 3
60 67 1
84 22 2
87 92 2
95 47 1
84 9 1
56 19 1
47 32 1
38 31 1
31 96 3
67 72 2
96 68 1
71 97 3
55 61 3
96 76 1
85 96 1
10 51 1
52 32 1
92 93 3
78 45 1
10 8 1
73 28 1
9 1 1
1 71 1
97 76 1
75 69 1
13 58 2
60 1 2
11 22 3
75 59 1
27 19 1
5 78 3
17 14 2
28 22 1
30 29 3
85 18 2
70 47 2
72 23 1
53 13 2
19 71 1
56 47 3
84 25 1
93 61 1
49 54 1
25 71 2
22 16 3
13 56 1
85 76 3
29 93 1
13 78 2
71 76 1
53 9 2
25 73 1
31 1 1
75 21 3
12 4 2
13 55 1
28 21 1
7 87 1
9 51 1
12 19 1
45 97 3
44 98 1
13 31 1
31 55 2
13 97 1
82 66 3
62 11 3
70 92 3
30 87 3
62 45 1
87 96 1
13 23 1
9 48 2
73 98 2
57 20 1
31 50 1
16 86 2
84 34 1
93 20 1
1 10 2
50 13 1
51 31 2
88 6 1
84 75 1
84 92 3
46 57 1
97 51 1
71 57 2
65 94 2
17 76 1
3 36 2
46 32 1
50 68 1
92 71 3
78 32 1
71 47 1
54 9 3
72 50 1
9 81 3
54 16 2
78 38 3
75 31 1
75 15 3
13 19 2
62 73 3
66 4 2
62 31 1
76 72 2
46 79 1
47 11 3
73 78 1
13 85 1
86 26 1
76 89 1
87 73 2
34 13 2
73 1 1
94 34 3
17 49 1
54 82 1
31 70 2
22 13 1
70 1 1
12 28 2
50 51 3
13 55 3
16 17 2
84 63 3
31 6 1
6 97 1
63 75 1
13 9 3
21 1 1
86 62 3
95 68 3
12 64 1
88 62 2
86 18 1
62 55 2
88 31 1
68 70 1
71 84 1
25 38 2
8 1 1
44 25 1
62 38 1
13 98 3
31 69 3
65 53 2
94 78 2
31 96 3
73 95 1
6 87 2
62 89 1
32 84 3
22 49 2
90 19 1
85 89 3
75 85 3
12 64 1
30 21 1
22 21 2
46 26 3
37 33 3
99 34 1
43 13 1
78 12 1
3 41 2
6 81 2
42 71 1
23 31 3
28 33 3
61 13 1
13 98 3
45 32 1
48 14 1
13 75 2
37 98 1
12 95 3
22 39 3
28 78 1
51 32 1
17 65 1
71 64 3
10 78 3
88 62 1
75 20 2
85 19 1
46 22 2
51 38 2
71 14 1
94 46 1
49 56 3
74 91 1
13 87 1
78 52 1
54 48 1
100 30 1
13 71 1
62 84 1
32 62 3
33 38 2
9 13 1
38 85 1
13 87 1
61 13 3
85 22 1
34 72 1
78 92 1
18 84 1
75 56 1
81 40 1
22 13 3
13 10 1
94 84 1
59 13 3
27 25 2
7 24 3
46 74 3
98 68 3
92 16 1
49 40 2
84 76 1
33 7 1
93 9 3
87 40 2
5 92 1
79 66 2
31 46 1
71 34 1
13 53 1
33 16 1
82 31 1
76 13 2
51 70 1
77 93 2
13 21 2
87 47 3
22 59 2
38 42 1
65 89 3
97 51 3
12 32 3
22 31 1
1 92 1
78 1 1
73 24 1
49 38 1
12 6 2
85 65 1
89 26 1
67 92 2
71 7 3
4 71 1
32 97 1
81 9 2
95 43 3
59 26 3
81 72 1
12 84 3
9 61 2
56 46 2
66 45 1
21 15 1
9 76 2
13 85 2
32 6 3
22 20 1
1 51 2
76 25 1
22 97 1
92 33 1
13 26 1
83 81 2
26 48 2
8 84 1
78 56 1
8 19 2
98 13 2
9 13 1
89 21 1
1 68 1
80 13 2
12 31 2
68 92 2
21 31 1
13 28 2
50 10 1
85 76 2
92 38 3
59 55 1
69 13 1
86 30 2
19 78 1
13 31 1
12 46 2
34 96 1
1 40 3
87 13 1
57 66 1
78 84 2
95 68 3
35 66 2
13 8 1
74 6 1
92 25 2
97 13 2
59 76 1
94 47 1
71 46 1
55 78 1
22 89 1
68 13 3
88 33 1
46 51 2
13 87 2
33 31 3
36 21 1
42 73 1
48 86 3
11 94 2
92 62 1
48 67 2
87 27 3
48 33 1
51 74 3
86 46 2
97 52 1
30 75 1
38 26 1
1 66 3
56 71 1
12 68 2
84 1 3
88 96 1
13 32 2
9 72 3
32 49 1
22 89 3
9 40 1
12 84 1
76 13 3
84 26 2
94 66 2
33 87 1
13 65 1
65 13 1
13 81 1
31 90 2
4 77 3
56 95 2
89 94 1
66 10 1
30 59 1
84 13 1
31 75 3
76 13 1
38 4 1
76 33 3
55 91 1
95 50 3
31 9 2
81 30 2
22 70 1
41 49 1
38 92 1
56 86 1
34 9 3
16 18 1
31 73 1
92 84 2
12 46 3
13 55 3
89 74 1
27 17 2
26 97 1
59 71 3
88 22 2
62 34 1
76 6 1
95 94 1
55 62 1
76 84 1
57 92 3
70 22 1
97 62 1
4 30 1
93 62 1
52 62 2
58 71 1
28 8 3
87 9 2
22 32 3
71 87 3
32 15 1
1 97 1
86 62 1
19 63 2
8 62 3
37 28 3
1 73 3
62 9 1
51 66 1
76 90 1
98 56 1
33 78 1
46 66 3
72 83 1
100 87 3
84 56 2
87 47 2
42 29 2
74 90 1
8 89 1
31 45 3
49 28 1
87 3 2
62 68 3
19 10 1
57 23 2
38 85 1
78 73 1
40 47 2
33 72 1
80 1 1
62 19 3
3 84 1
25 49 3
88 10 1
25 76 2
85 70 1
25 31 1
1 76 2
13 68 1
62 87 3
26 25 3
38 10 1
34 5 2
61 3 2
68 73 2
94 16 3
92 15 1
32 68 1
21 97 2
76 62 1
40 12 1
89 11 1
70 13 1
65 84 3
87 75 2
55 32 1
71 38 1
89 97 1
86 33 1
21 25 1
49 52 1
1 77 1
62 92 2
8 85 1
15 9 3
51 40 2
25 51 1
38 1 2
87 52 1
62 85 2
37 26 2
17 40 3
22 94 3
9 75 3
76 38 3
85 75 1
31 96 1
71 22 3
38 85 1
90 6 1
59 49 1
62 89 1
85 33 1
31 13 1
31 76 3
38 89 1
76 97 2
52 50 1
1 81 1
32 31 1
5 59 1
65 75 1
76 30 1
59 62 3
70 91 3
67 33 1
25 76 1
44 68 1
52 7 1
13 31 1
32 89 2
72 96 1
73 84 3
37 26 2
68 84 1
19 91 2
6 24 1
52 12 1
55 24 2
13 31 3
1 13 1
49 9 2
23 75 1
38 32 1
93 43 2
55 22 1
38 62 2
22 81 2
92 78 3
96 2 1
39 1 3
21 13 2
58 31 1
90 63 1
4 71 1
44 62 3
19 85 1
9 62 3
31 19 1
94 75 1
13 75 1
94 26 1
25 31 1
38 12 3
13 76 3
12 20 2
6 57 1
19 50 3
13 33 2
38 93 1
32 85 1
84 2 1
52 33 1
33 79 1
81 8 2
88 9 1
84 85 3
7 17 2
42 67 2
94 31 3
62 71 3
94 71 3
91 55 3
32 83 1
62 1 2
49 66 3
32 2 1
59 15 1
74 81 1
2 58 3
13 36 1
13 93 1
94 76 1
59 62 2
58 36 1
12 68 1
29 31 1
65 21 3
64 66 2
19 22 1
78 14 3
84 97 1
71 25 2
12 30 2
79 96 1
9 58 2
76 97 1
56 13 2
71 68 1
46 9 1
84 81 3
78 12 1
6 9 1
93 76 1
59 27 1
55 26 2
16 87 3
84 82 2
13 62 3
14 84 1
78 93 1
82 38 2
77 55 2
31 20 1
16 84 3
22 9 2
12 94 3
11 93 1
21 97 3
94 51 1
80 53 1
68 62 1
1 22 1
35 2 3
49 84 2
62 32 1
31 84 2
38 33 1
42 78 1
71 7 1
96 60 1
74 97 3
97 47 2
31 47 1
66 48 3
82 31 3
1 13 1
76 55 3
26 76 3
18 56 1
13 88 2
94 68 1
2 31 3
55 6 2
56 68 2
68 40 2
66 19 3
28 56 1
17 19 2
38 81 1
95 38 3
22 12 1
69 72 2
81 38 1
25 94 2
98 97 1
39 21 1
65 63 1
25 90 1
54 32 1
34 6 1
66 81 1
86 37 1
96 58 3
13 30 1
84 30 1
68 1 3
68 87 1
49 76 2
27 53 1
76 59 1
81 94 1
31 57 3
16 51 2
13 66 1
93 7 3
62 46 2
13 89 1
26 21 1
51 85 3
42 71 1
12 52 1
57 76 3
97 93 2
57 62 1
98 75 1
28 79 1
19 38 1
56 70 2
81 2 3
25 72 1
76 9 2
92 80 2
59 76 2
