3262
0 1
0 2
1 3
3 4
0 5
4 6
0 7
4 8
6 9
4 10
9 11
2 12
12 13
2 14
1 15
1 16
0 17
2 18
9 19
6 20
15 21
1 22
11 23
21 24
21 25
20 26
19 27
21 28
25 29
29 30
29 31
12 32
31 33
33 34
9 35
21 36
35 37
20 38
29 39
22 40
34 41
17 42
41 43
43 44
16 45
44 46
22 47
24 48
28 49
7 50
28 51
31 52
41 53
6 54
43 55
34 56
25 57
55 58
44 59
6 60
24 61
6 62
49 63
56 64
4 65
46 66
53 67
38 68
31 69
55 70
23 71
49 72
0 73
23 74
10 75
57 76
9 77
48 78
67 79
26 80
57 81
20 82
29 83
10 84
12 85
32 86
16 87
68 88
17 89
1 90
42 91
19 92
53 93
19 94
68 95
82 96
77 97
13 98
51 99
86 100
64 101
69 102
35 103
44 104
84 105
45 106
10 107
5 108
102 109
88 110
79 111
30 112
107 113
83 114
110 115
9 116
92 117
36 118
43 119
114 120
64 121
60 122
30 123
102 124
13 125
92 126
56 127
66 128
107 129
44 130
109 131
46 132
107 133
91 134
109 135
135 136
36 137
39 138
78 139
129 140
29 141
44 142
37 143
61 144
48 145
80 146
94 147
0 148
143 149
66 150
45 151
4 152
78 153
134 154
116 155
151 156
121 157
156 158
19 159
144 160
124 161
157 162
91 163
5 164
146 165
53 166
28 167
10 168
139 169
13 170
9 171
3 172
38 173
135 174
77 175
174 176
52 177
142 178
7 179
37 180
169 181
18 182
120 183
91 184
22 185
176 186
139 187
105 188
157 189
79 190
26 191
133 192
34 193
113 194
35 195
151 196
108 197
138 198
85 199
190 200
193 201
78 202
57 203
183 204
107 205
121 206
169 207
57 208
78 209
161 210
172 211
50 212
49 213
157 214
68 215
86 216
118 217
20 218
111 219
0 220
181 221
33 222
2 223
41 224
123 225
177 226
83 227
181 228
157 229
22 230
214 231
186 232
98 233
130 234
42 235
68 236
41 237
200 238
90 239
214 240
31 241
9 242
180 243
199 244
196 245
175 246
163 247
141 248
170 249
172 250
62 251
24 252
215 253
251 254
123 255
130 256
121 257
120 258
139 259
41 260
140 261
73 262
46 263
191 264
262 265
136 266
145 267
42 268
9 269
235 270
15 271
110 272
95 273
49 274
41 275
82 276
229 277
132 278
228 279
256 280
139 281
225 282
208 283
274 284
222 285
133 286
2 287
90 288
164 289
180 290
66 291
150 292
237 293
84 294
46 295
195 296
168 297
139 298
24 299
213 300
17 301
271 302
239 303
200 304
129 305
113 306
203 307
189 308
72 309
309 310
217 311
8 312
284 313
63 314
23 315
120 316
6 317
5 318
165 319
56 320
180 321
249 322
229 323
245 324
177 325
31 326
201 327
280 328
313 329
16 330
214 331
129 332
240 333
36 334
183 335
76 336
169 337
129 338
227 339
187 340
140 341
58 342
246 343
68 344
27 345
75 346
326 347
345 348
205 349
284 350
316 351
293 352
284 353
84 354
224 355
308 356
294 357
136 358
84 359
182 360
225 361
55 362
242 363
271 364
145 365
24 366
96 367
243 368
97 369
18 370
240 371
249 372
14 373
0 374
57 375
53 376
309 377
23 378
223 379
230 380
228 381
240 382
262 383
40 384
18 385
175 386
21 387
86 388
346 389
144 390
2 391
123 392
330 393
318 394
156 395
231 396
88 397
41 398
84 399
84 400
73 401
131 402
124 403
66 404
14 405
137 406
228 407
18 408
175 409
65 410
240 411
161 412
335 413
37 414
382 415
329 416
375 417
350 418
271 419
28 420
170 421
178 422
387 423
209 424
247 425
391 426
331 427
99 428
106 429
207 430
139 431
279 432
410 433
366 434
131 435
234 436
122 437
27 438
145 439
227 440
31 441
50 442
338 443
185 444
109 445
190 446
314 447
208 448
314 449
34 450
46 451
245 452
72 453
15 454
358 455
247 456
118 457
204 458
122 459
37 460
145 461
371 462
367 463
85 464
218 465
19 466
349 467
285 468
103 469
317 470
80 471
304 472
328 473
214 474
217 475
299 476
391 477
78 478
102 479
6 480
129 481
84 482
235 483
217 484
159 485
59 486
329 487
54 488
32 489
5 490
419 491
320 492
253 493
358 494
178 495
5 496
265 497
346 498
224 499
168 500
82 501
387 502
379 503
314 504
59 505
114 506
175 507
190 508
211 509
137 510
431 511
178 512
318 513
216 514
510 515
444 516
145 517
406 518
2 519
477 520
463 521
172 522
170 523
397 524
436 525
404 526
515 527
223 528
488 529
137 530
176 531
298 532
322 533
434 534
381 535
472 536
217 537
308 538
454 539
294 540
219 541
497 542
533 543
476 544
195 545
6 546
286 547
531 548
479 549
78 550
318 551
236 552
221 553
56 554
96 555
39 556
267 557
403 558
93 559
331 560
170 561
220 562
561 563
219 564
56 565
86 566
389 567
258 568
189 569
552 570
264 571
147 572
397 573
362 574
440 575
205 576
438 577
502 578
513 579
549 580
475 581
417 582
364 583
220 584
237 585
264 586
550 587
466 588
7 589
112 590
315 591
290 592
553 593
341 594
489 595
216 596
123 597
359 598
174 599
457 600
455 601
467 602
497 603
198 604
515 605
398 606
54 607
460 608
309 609
446 610
557 611
222 612
399 613
490 614
363 615
99 616
427 617
500 618
398 619
114 620
38 621
603 622
118 623
43 624
103 625
437 626
414 627
496 628
328 629
478 630
152 631
204 632
194 633
177 634
8 635
78 636
559 637
137 638
8 639
33 640
330 641
323 642
396 643
147 644
180 645
219 646
369 647
604 648
408 649
540 650
269 651
648 652
474 653
226 654
72 655
223 656
375 657
301 658
1 659
79 660
236 661
23 662
44 663
27 664
526 665
218 666
216 667
12 668
456 669
651 670
158 671
597 672
290 673
60 674
593 675
639 676
127 677
168 678
302 679
564 680
603 681
457 682
626 683
231 684
116 685
502 686
197 687
485 688
249 689
2 690
670 691
670 692
418 693
64 694
223 695
471 696
95 697
565 698
26 699
634 700
481 701
156 702
59 703
175 704
445 705
573 706
687 707
174 708
488 709
657 710
399 711
21 712
47 713
655 714
105 715
527 716
230 717
175 718
95 719
37 720
186 721
438 722
15 723
360 724
93 725
216 726
553 727
231 728
578 729
210 730
369 731
386 732
458 733
484 734
422 735
87 736
26 737
232 738
643 739
97 740
13 741
251 742
257 743
6 744
12 745
392 746
363 747
373 748
517 749
263 750
278 751
295 752
290 753
308 754
516 755
597 756
488 757
527 758
677 759
659 760
487 761
127 762
515 763
720 764
127 765
647 766
318 767
374 768
636 769
606 770
562 771
331 772
704 773
758 774
323 775
295 776
306 777
739 778
239 779
208 780
618 781
297 782
669 783
612 784
64 785
192 786
306 787
426 788
367 789
371 790
224 791
60 792
372 793
409 794
539 795
602 796
161 797
120 798
354 799
403 800
147 801
479 802
516 803
396 804
240 805
680 806
533 807
337 808
573 809
128 810
578 811
484 812
330 813
28 814
115 815
19 816
584 817
676 818
214 819
818 820
73 821
517 822
727 823
169 824
264 825
52 826
809 827
658 828
8 829
366 830
180 831
758 832
74 833
327 834
315 835
256 836
42 837
134 838
330 839
587 840
358 841
199 842
269 843
818 844
118 845
582 846
69 847
508 848
701 849
275 850
783 851
597 852
183 853
619 854
94 855
778 856
371 857
755 858
66 859
804 860
44 861
51 862
606 863
327 864
410 865
225 866
808 867
76 868
584 869
71 870
218 871
677 872
194 873
691 874
99 875
481 876
592 877
545 878
365 879
872 880
104 881
611 882
585 883
399 884
701 885
722 886
528 887
591 888
381 889
414 890
327 891
610 892
430 893
325 894
124 895
175 896
770 897
711 898
559 899
247 900
791 901
69 902
687 903
216 904
578 905
578 906
192 907
309 908
464 909
729 910
158 911
846 912
190 913
528 914
407 915
657 916
19 917
652 918
646 919
9 920
158 921
707 922
190 923
358 924
749 925
193 926
412 927
757 928
767 929
261 930
713 931
54 932
79 933
758 934
181 935
139 936
504 937
27 938
534 939
611 940
772 941
510 942
908 943
534 944
743 945
268 946
625 947
698 948
942 949
423 950
936 951
623 952
896 953
3 954
784 955
343 956
164 957
59 958
573 959
930 960
703 961
2 962
671 963
792 964
207 965
25 966
603 967
654 968
27 969
234 970
802 971
942 972
372 973
397 974
419 975
553 976
509 977
354 978
676 979
951 980
34 981
816 982
359 983
170 984
780 985
152 986
970 987
818 988
790 989
31 990
431 991
573 992
307 993
576 994
275 995
913 996
755 997
916 998
863 999
314 1000
852 1001
269 1002
705 1003
962 1004
376 1005
967 1006
312 1007
478 1008
520 1009
347 1010
759 1011
599 1012
522 1013
387 1014
31 1015
840 1016
929 1017
503 1018
415 1019
974 1020
182 1021
99 1022
723 1023
974 1024
726 1025
74 1026
422 1027
297 1028
561 1029
81 1030
969 1031
438 1032
278 1033
491 1034
814 1035
99 1036
943 1037
518 1038
757 1039
93 1040
324 1041
151 1042
61 1043
838 1044
350 1045
464 1046
130 1047
195 1048
123 1049
858 1050
230 1051
3 1052
387 1053
30 1054
507 1055
93 1056
358 1057
560 1058
20 1059
1053 1060
33 1061
544 1062
98 1063
778 1064
457 1065
120 1066
48 1067
902 1068
321 1069
104 1070
836 1071
655 1072
276 1073
426 1074
15 1075
404 1076
866 1077
942 1078
773 1079
523 1080
140 1081
943 1082
816 1083
649 1084
770 1085
439 1086
648 1087
1011 1088
10 1089
780 1090
952 1091
672 1092
190 1093
386 1094
94 1095
150 1096
706 1097
42 1098
87 1099
134 1100
467 1101
662 1102
419 1103
762 1104
804 1105
970 1106
858 1107
1094 1108
628 1109
516 1110
561 1111
430 1112
971 1113
427 1114
476 1115
1029 1116
272 1117
6 1118
1104 1119
55 1120
48 1121
915 1122
360 1123
702 1124
144 1125
184 1126
1038 1127
251 1128
245 1129
1028 1130
948 1131
248 1132
676 1133
72 1134
699 1135
777 1136
1090 1137
182 1138
39 1139
667 1140
337 1141
37 1142
669 1143
254 1144
48 1145
988 1146
215 1147
506 1148
543 1149
155 1150
23 1151
337 1152
527 1153
337 1154
281 1155
416 1156
197 1157
244 1158
861 1159
1000 1160
529 1161
603 1162
321 1163
1030 1164
913 1165
26 1166
1099 1167
289 1168
458 1169
473 1170
66 1171
971 1172
42 1173
582 1174
151 1175
171 1176
322 1177
812 1178
233 1179
1117 1180
554 1181
248 1182
207 1183
906 1184
323 1185
779 1186
325 1187
169 1188
669 1189
580 1190
34 1191
454 1192
1146 1193
294 1194
922 1195
890 1196
532 1197
493 1198
1102 1199
268 1200
22 1201
466 1202
275 1203
431 1204
980 1205
936 1206
713 1207
827 1208
1025 1209
672 1210
611 1211
1208 1212
726 1213
314 1214
168 1215
937 1216
780 1217
11 1218
525 1219
593 1220
925 1221
492 1222
1203 1223
564 1224
933 1225
17 1226
32 1227
824 1228
1185 1229
85 1230
665 1231
1105 1232
503 1233
1210 1234
674 1235
494 1236
116 1237
176 1238
370 1239
256 1240
1090 1241
738 1242
41 1243
873 1244
265 1245
70 1246
559 1247
630 1248
820 1249
685 1250
1017 1251
949 1252
981 1253
889 1254
653 1255
98 1256
415 1257
1172 1258
304 1259
926 1260
1254 1261
1252 1262
23 1263
72 1264
156 1265
740 1266
453 1267
380 1268
1189 1269
845 1270
792 1271
889 1272
430 1273
186 1274
815 1275
1232 1276
369 1277
812 1278
1168 1279
1209 1280
623 1281
840 1282
1090 1283
668 1284
1193 1285
1258 1286
187 1287
1208 1288
894 1289
881 1290
673 1291
1214 1292
757 1293
1131 1294
927 1295
218 1296
36 1297
931 1298
135 1299
434 1300
696 1301
764 1302
1155 1303
71 1304
1232 1305
749 1306
729 1307
303 1308
961 1309
196 1310
369 1311
603 1312
75 1313
542 1314
440 1315
350 1316
1190 1317
990 1318
391 1319
71 1320
1231 1321
522 1322
259 1323
452 1324
1266 1325
488 1326
732 1327
78 1328
1071 1329
1272 1330
633 1331
490 1332
150 1333
663 1334
1217 1335
1041 1336
236 1337
324 1338
68 1339
764 1340
634 1341
1018 1342
421 1343
451 1344
55 1345
503 1346
1179 1347
1056 1348
875 1349
796 1350
91 1351
390 1352
594 1353
928 1354
751 1355
658 1356
305 1357
316 1358
985 1359
828 1360
1234 1361
1356 1362
1040 1363
923 1364
1114 1365
938 1366
285 1367
655 1368
1345 1369
341 1370
399 1371
803 1372
712 1373
1245 1374
514 1375
698 1376
491 1377
182 1378
1135 1379
644 1380
1016 1381
929 1382
956 1383
1085 1384
726 1385
299 1386
1361 1387
1122 1388
1177 1389
61 1390
216 1391
653 1392
539 1393
595 1394
1390 1395
298 1396
1128 1397
671 1398
1165 1399
410 1400
101 1401
754 1402
857 1403
262 1404
243 1405
379 1406
764 1407
647 1408
322 1409
211 1410
758 1411
837 1412
682 1413
460 1414
91 1415
1133 1416
264 1417
1083 1418
1153 1419
888 1420
858 1421
1269 1422
150 1423
824 1424
171 1425
117 1426
1110 1427
1177 1428
1339 1429
93 1430
24 1431
104 1432
970 1433
225 1434
677 1435
703 1436
1026 1437
432 1438
867 1439
18 1440
28 1441
148 1442
1133 1443
348 1444
925 1445
934 1446
96 1447
645 1448
656 1449
744 1450
608 1451
1214 1452
166 1453
415 1454
534 1455
501 1456
125 1457
1449 1458
176 1459
95 1460
1318 1461
987 1462
1059 1463
1203 1464
721 1465
846 1466
645 1467
573 1468
1445 1469
1365 1470
774 1471
323 1472
426 1473
862 1474
1038 1475
655 1476
435 1477
822 1478
373 1479
173 1480
1305 1481
737 1482
1300 1483
1234 1484
1181 1485
1089 1486
936 1487
509 1488
616 1489
339 1490
705 1491
1473 1492
844 1493
991 1494
863 1495
419 1496
894 1497
36 1498
185 1499
1385 1500
278 1501
1501 1502
243 1503
1059 1504
28 1505
907 1506
1140 1507
297 1508
1447 1509
276 1510
1106 1511
462 1512
1494 1513
317 1514
303 1515
1127 1516
1008 1517
1106 1518
847 1519
407 1520
611 1521
1167 1522
649 1523
1209 1524
119 1525
671 1526
1381 1527
311 1528
1180 1529
900 1530
901 1531
650 1532
1110 1533
1518 1534
108 1535
313 1536
1382 1537
96 1538
631 1539
522 1540
392 1541
702 1542
781 1543
823 1544
1487 1545
447 1546
1539 1547
1018 1548
292 1549
1546 1550
1207 1551
1179 1552
995 1553
544 1554
1333 1555
1013 1556
751 1557
1189 1558
1179 1559
255 1560
439 1561
96 1562
0 1563
552 1564
1191 1565
956 1566
1385 1567
206 1568
628 1569
1259 1570
1554 1571
43 1572
1140 1573
1245 1574
1486 1575
1544 1576
1535 1577
802 1578
1037 1579
289 1580
1448 1581
137 1582
224 1583
1378 1584
39 1585
1364 1586
485 1587
605 1588
404 1589
456 1590
71 1591
1099 1592
189 1593
354 1594
453 1595
499 1596
855 1597
1305 1598
1159 1599
1000 1600
1528 1601
1020 1602
1522 1603
1535 1604
323 1605
67 1606
666 1607
505 1608
643 1609
539 1610
1325 1611
363 1612
126 1613
1218 1614
310 1615
354 1616
1061 1617
1088 1618
77 1619
99 1620
803 1621
368 1622
563 1623
36 1624
1559 1625
753 1626
572 1627
852 1628
1439 1629
91 1630
926 1631
1457 1632
799 1633
176 1634
1424 1635
643 1636
1630 1637
352 1638
729 1639
1227 1640
465 1641
1145 1642
316 1643
625 1644
1185 1645
767 1646
357 1647
870 1648
1579 1649
638 1650
355 1651
1222 1652
552 1653
1167 1654
901 1655
985 1656
1598 1657
859 1658
580 1659
1582 1660
221 1661
440 1662
108 1663
1105 1664
855 1665
267 1666
210 1667
425 1668
1419 1669
499 1670
919 1671
53 1672
1231 1673
51 1674
1387 1675
445 1676
923 1677
398 1678
1126 1679
1363 1680
1257 1681
722 1682
1575 1683
1503 1684
457 1685
188 1686
1393 1687
1058 1688
1555 1689
1660 1690
1086 1691
290 1692
1228 1693
478 1694
116 1695
142 1696
772 1697
139 1698
502 1699
647 1700
1063 1701
1278 1702
345 1703
144 1704
1478 1705
866 1706
1115 1707
794 1708
1035 1709
1400 1710
583 1711
19 1712
308 1713
693 1714
331 1715
1175 1716
963 1717
1204 1718
946 1719
416 1720
1526 1721
567 1722
1361 1723
1418 1724
3 1725
629 1726
1033 1727
370 1728
1672 1729
1005 1730
664 1731
293 1732
1495 1733
1200 1734
444 1735
747 1736
516 1737
520 1738
289 1739
932 1740
311 1741
983 1742
442 1743
765 1744
286 1745
865 1746
166 1747
895 1748
1064 1749
139 1750
1561 1751
1066 1752
1728 1753
393 1754
1507 1755
252 1756
434 1757
497 1758
500 1759
1444 1760
1344 1761
276 1762
1676 1763
1581 1764
443 1765
165 1766
119 1767
1374 1768
1591 1769
1501 1770
351 1771
1736 1772
1563 1773
895 1774
1485 1775
137 1776
412 1777
794 1778
87 1779
1739 1780
15 1781
643 1782
1335 1783
1728 1784
312 1785
109 1786
1344 1787
1056 1788
1602 1789
648 1790
370 1791
333 1792
1683 1793
448 1794
1499 1795
1301 1796
1027 1797
1689 1798
1565 1799
1017 1800
394 1801
1216 1802
1221 1803
853 1804
165 1805
409 1806
1268 1807
1792 1808
111 1809
1611 1810
592 1811
501 1812
345 1813
422 1814
928 1815
738 1816
335 1817
35 1818
793 1819
1372 1820
1424 1821
875 1822
1133 1823
1012 1824
679 1825
1515 1826
1730 1827
864 1828
1503 1829
831 1830
1088 1831
1821 1832
1790 1833
1561 1834
762 1835
971 1836
1437 1837
241 1838
1597 1839
681 1840
741 1841
34 1842
433 1843
415 1844
1346 1845
1377 1846
114 1847
1721 1848
623 1849
1775 1850
1656 1851
858 1852
494 1853
425 1854
153 1855
545 1856
169 1857
1763 1858
913 1859
655 1860
1016 1861
1641 1862
1346 1863
113 1864
412 1865
1650 1866
759 1867
1275 1868
1690 1869
1252 1870
1754 1871
1532 1872
1034 1873
269 1874
411 1875
360 1876
1382 1877
1717 1878
396 1879
1348 1880
510 1881
371 1882
216 1883
606 1884
1493 1885
1744 1886
1739 1887
349 1888
1129 1889
1372 1890
607 1891
1777 1892
1074 1893
1527 1894
926 1895
1389 1896
1352 1897
608 1898
1487 1899
1212 1900
1797 1901
112 1902
1072 1903
1618 1904
412 1905
301 1906
1816 1907
257 1908
1212 1909
1069 1910
1361 1911
1532 1912
1089 1913
1557 1914
1860 1915
350 1916
834 1917
1376 1918
1418 1919
1326 1920
534 1921
1525 1922
1107 1923
1618 1924
938 1925
1776 1926
254 1927
682 1928
447 1929
1521 1930
569 1931
626 1932
1488 1933
1195 1934
1197 1935
482 1936
116 1937
463 1938
254 1939
1901 1940
1139 1941
1730 1942
189 1943
872 1944
1112 1945
1385 1946
908 1947
1512 1948
626 1949
1940 1950
398 1951
574 1952
1914 1953
703 1954
835 1955
546 1956
1503 1957
1912 1958
90 1959
1143 1960
19 1961
734 1962
1421 1963
642 1964
905 1965
520 1966
952 1967
1380 1968
1270 1969
323 1970
712 1971
1404 1972
1221 1973
1942 1974
1545 1975
464 1976
620 1977
1753 1978
1488 1979
727 1980
407 1981
178 1982
1004 1983
1333 1984
90 1985
1650 1986
854 1987
1062 1988
265 1989
401 1990
1706 1991
556 1992
1407 1993
293 1994
751 1995
38 1996
622 1997
1259 1998
578 1999
129 2000
1231 2001
1509 2002
425 2003
1058 2004
1503 2005
901 2006
1450 2007
1228 2008
349 2009
1435 2010
1891 2011
1356 2012
26 2013
94 2014
991 2015
314 2016
951 2017
1356 2018
1380 2019
1369 2020
82 2021
1228 2022
1855 2023
1410 2024
1299 2025
436 2026
441 2027
161 2028
1126 2029
1215 2030
179 2031
1520 2032
1229 2033
189 2034
201 2035
1800 2036
101 2037
355 2038
1501 2039
1997 2040
202 2041
879 2042
375 2043
682 2044
1059 2045
838 2046
668 2047
245 2048
256 2049
1372 2050
190 2051
516 2052
730 2053
655 2054
65 2055
215 2056
274 2057
1112 2058
1040 2059
1392 2060
941 2061
758 2062
762 2063
1337 2064
642 2065
1055 2066
444 2067
833 2068
68 2069
120 2070
239 2071
1226 2072
914 2073
973 2074
143 2075
77 2076
1372 2077
541 2078
608 2079
1838 2080
344 2081
1788 2082
634 2083
437 2084
1713 2085
703 2086
224 2087
62 2088
900 2089
1391 2090
1097 2091
1985 2092
600 2093
2032 2094
273 2095
549 2096
1877 2097
1559 2098
994 2099
177 2100
222 2101
1459 2102
1035 2103
1827 2104
285 2105
755 2106
843 2107
201 2108
1832 2109
1752 2110
1230 2111
494 2112
296 2113
972 2114
311 2115
1538 2116
1871 2117
562 2118
1581 2119
188 2120
122 2121
818 2122
1851 2123
395 2124
1080 2125
604 2126
971 2127
842 2128
589 2129
1087 2130
1773 2131
657 2132
822 2133
949 2134
592 2135
1913 2136
1327 2137
2001 2138
1465 2139
975 2140
1132 2141
345 2142
840 2143
1916 2144
2058 2145
669 2146
1928 2147
383 2148
1797 2149
776 2150
53 2151
875 2152
27 2153
1699 2154
2094 2155
910 2156
1296 2157
246 2158
48 2159
547 2160
504 2161
1529 2162
1415 2163
344 2164
1529 2165
1185 2166
1765 2167
2083 2168
1456 2169
500 2170
2099 2171
1162 2172
963 2173
410 2174
1217 2175
1312 2176
940 2177
681 2178
1014 2179
1810 2180
191 2181
146 2182
1880 2183
690 2184
807 2185
1140 2186
1720 2187
143 2188
1519 2189
1694 2190
1108 2191
1717 2192
887 2193
1321 2194
1441 2195
1167 2196
414 2197
1985 2198
2031 2199
1793 2200
1018 2201
409 2202
897 2203
735 2204
2158 2205
901 2206
698 2207
867 2208
688 2209
82 2210
754 2211
1977 2212
198 2213
1638 2214
266 2215
1978 2216
1044 2217
1802 2218
2218 2219
901 2220
2190 2221
579 2222
2178 2223
474 2224
1612 2225
1441 2226
507 2227
956 2228
207 2229
617 2230
664 2231
1844 2232
2045 2233
2022 2234
2078 2235
1192 2236
2052 2237
739 2238
377 2239
1164 2240
1854 2241
935 2242
2131 2243
1800 2244
1609 2245
195 2246
1453 2247
961 2248
1946 2249
635 2250
239 2251
1373 2252
478 2253
367 2254
2204 2255
1049 2256
1136 2257
2094 2258
2107 2259
233 2260
705 2261
1438 2262
2220 2263
291 2264
858 2265
1139 2266
743 2267
1347 2268
737 2269
2085 2270
718 2271
3 2272
1163 2273
965 2274
581 2275
549 2276
2170 2277
195 2278
1726 2279
409 2280
1269 2281
355 2282
1461 2283
2093 2284
1195 2285
1492 2286
2065 2287
1706 2288
2204 2289
1111 2290
902 2291
877 2292
1618 2293
8 2294
1648 2295
102 2296
951 2297
2251 2298
698 2299
192 2300
1345 2301
483 2302
1522 2303
304 2304
678 2305
1297 2306
1026 2307
718 2308
1408 2309
868 2310
1731 2311
970 2312
1172 2313
1926 2314
586 2315
91 2316
987 2317
1835 2318
789 2319
1286 2320
798 2321
1808 2322
1771 2323
1417 2324
1714 2325
1215 2326
522 2327
1854 2328
765 2329
1702 2330
704 2331
1573 2332
1956 2333
241 2334
855 2335
2108 2336
1423 2337
630 2338
2255 2339
1350 2340
150 2341
407 2342
704 2343
2147 2344
1618 2345
507 2346
1706 2347
679 2348
1140 2349
1154 2350
1666 2351
1348 2352
618 2353
1239 2354
1653 2355
364 2356
192 2357
2086 2358
1313 2359
1673 2360
2161 2361
382 2362
2189 2363
2236 2364
1029 2365
1267 2366
1202 2367
591 2368
1640 2369
597 2370
1584 2371
1866 2372
1833 2373
1462 2374
883 2375
1556 2376
1124 2377
849 2378
448 2379
1039 2380
1217 2381
2004 2382
2370 2383
1453 2384
147 2385
2163 2386
487 2387
994 2388
814 2389
219 2390
507 2391
1762 2392
793 2393
55 2394
1969 2395
397 2396
1963 2397
2090 2398
2347 2399
1583 2400
1368 2401
531 2402
370 2403
905 2404
900 2405
2131 2406
2110 2407
781 2408
1253 2409
1946 2410
476 2411
317 2412
1481 2413
769 2414
912 2415
71 2416
354 2417
842 2418
1232 2419
972 2420
1905 2421
649 2422
136 2423
998 2424
2214 2425
2070 2426
2034 2427
710 2428
417 2429
1090 2430
1193 2431
806 2432
1788 2433
1669 2434
1129 2435
1123 2436
556 2437
2045 2438
327 2439
1991 2440
1164 2441
2282 2442
2389 2443
72 2444
1863 2445
1583 2446
2388 2447
732 2448
727 2449
1238 2450
1410 2451
24 2452
1872 2453
706 2454
2179 2455
935 2456
408 2457
1620 2458
602 2459
2045 2460
1232 2461
873 2462
160 2463
27 2464
1454 2465
1278 2466
1030 2467
1961 2468
2450 2469
1423 2470
1919 2471
696 2472
2270 2473
1011 2474
1869 2475
465 2476
705 2477
1313 2478
2269 2479
35 2480
1196 2481
1643 2482
116 2483
509 2484
804 2485
300 2486
641 2487
1572 2488
1431 2489
145 2490
1390 2491
2305 2492
2232 2493
1074 2494
2216 2495
1270 2496
2468 2497
1420 2498
2180 2499
1081 2500
268 2501
1014 2502
511 2503
2403 2504
1803 2505
1376 2506
1642 2507
291 2508
1155 2509
1305 2510
2243 2511
1365 2512
2311 2513
288 2514
1587 2515
496 2516
2213 2517
2382 2518
339 2519
1805 2520
500 2521
957 2522
741 2523
1159 2524
1908 2525
684 2526
794 2527
320 2528
208 2529
1471 2530
997 2531
1537 2532
1939 2533
336 2534
1999 2535
389 2536
1721 2537
118 2538
1982 2539
2282 2540
1979 2541
36 2542
1480 2543
1737 2544
2029 2545
2328 2546
1624 2547
595 2548
1855 2549
102 2550
1199 2551
2171 2552
948 2553
1530 2554
1318 2555
1058 2556
2096 2557
643 2558
2413 2559
1280 2560
1435 2561
2327 2562
1203 2563
1849 2564
1139 2565
1697 2566
33 2567
2240 2568
2485 2569
951 2570
539 2571
983 2572
1371 2573
1746 2574
1168 2575
39 2576
459 2577
2483 2578
1283 2579
145 2580
740 2581
55 2582
322 2583
1981 2584
175 2585
1669 2586
713 2587
850 2588
1685 2589
499 2590
859 2591
671 2592
943 2593
889 2594
859 2595
1420 2596
218 2597
2445 2598
91 2599
1179 2600
802 2601
701 2602
747 2603
1004 2604
1186 2605
2291 2606
2237 2607
1448 2608
1867 2609
253 2610
2058 2611
346 2612
1239 2613
121 2614
1902 2615
1380 2616
593 2617
504 2618
157 2619
515 2620
2119 2621
894 2622
2415 2623
963 2624
879 2625
1050 2626
744 2627
1710 2628
1760 2629
452 2630
977 2631
1711 2632
2432 2633
2534 2634
1065 2635
23 2636
29 2637
1400 2638
44 2639
51 2640
1091 2641
1684 2642
2318 2643
947 2644
1539 2645
2502 2646
582 2647
1958 2648
1190 2649
1139 2650
2610 2651
1878 2652
1540 2653
1556 2654
401 2655
2518 2656
2538 2657
2394 2658
1017 2659
1983 2660
1893 2661
434 2662
1672 2663
595 2664
2472 2665
113 2666
1116 2667
132 2668
30 2669
845 2670
907 2671
2016 2672
565 2673
1261 2674
2478 2675
971 2676
1630 2677
879 2678
1142 2679
2213 2680
2638 2681
909 2682
497 2683
1746 2684
673 2685
1221 2686
45 2687
704 2688
2203 2689
799 2690
2624 2691
2640 2692
1465 2693
367 2694
1066 2695
1743 2696
1195 2697
2442 2698
2693 2699
1386 2700
1405 2701
1858 2702
2092 2703
663 2704
2683 2705
955 2706
156 2707
630 2708
5 2709
1670 2710
1756 2711
585 2712
2342 2713
37 2714
1123 2715
980 2716
1096 2717
365 2718
1706 2719
2151 2720
554 2721
2527 2722
730 2723
1860 2724
573 2725
1007 2726
875 2727
2195 2728
41 2729
1421 2730
473 2731
1997 2732
662 2733
2116 2734
171 2735
1153 2736
59 2737
1952 2738
109 2739
2305 2740
1665 2741
2711 2742
782 2743
120 2744
2436 2745
519 2746
360 2747
2430 2748
1416 2749
2262 2750
1270 2751
1909 2752
2643 2753
437 2754
1804 2755
439 2756
1856 2757
2644 2758
842 2759
2416 2760
906 2761
1123 2762
2108 2763
1133 2764
1273 2765
1869 2766
1648 2767
261 2768
2603 2769
2020 2770
953 2771
2611 2772
575 2773
1657 2774
167 2775
1988 2776
1640 2777
1145 2778
603 2779
286 2780
1337 2781
1560 2782
1261 2783
625 2784
1129 2785
2555 2786
1986 2787
1966 2788
762 2789
124 2790
899 2791
2125 2792
1456 2793
471 2794
2157 2795
2751 2796
2322 2797
671 2798
2107 2799
2155 2800
2312 2801
1153 2802
2230 2803
1132 2804
2457 2805
262 2806
1135 2807
1364 2808
1931 2809
1780 2810
802 2811
476 2812
2104 2813
1037 2814
2556 2815
2148 2816
735 2817
1075 2818
952 2819
163 2820
1756 2821
59 2822
1834 2823
939 2824
155 2825
1633 2826
196 2827
2350 2828
1721 2829
1817 2830
2803 2831
1196 2832
2030 2833
1571 2834
904 2835
1609 2836
69 2837
1272 2838
1146 2839
1409 2840
1386 2841
2250 2842
478 2843
2002 2844
341 2845
160 2846
1294 2847
85 2848
433 2849
1508 2850
168 2851
53 2852
272 2853
1253 2854
109 2855
1256 2856
2455 2857
907 2858
1129 2859
2630 2860
76 2861
785 2862
2025 2863
2431 2864
1987 2865
1841 2866
205 2867
945 2868
608 2869
1196 2870
461 2871
954 2872
1469 2873
235 2874
678 2875
878 2876
507 2877
1618 2878
2128 2879
1228 2880
1664 2881
853 2882
1063 2883
977 2884
1040 2885
2025 2886
52 2887
1846 2888
1375 2889
2613 2890
2011 2891
1624 2892
2351 2893
1106 2894
2738 2895
1677 2896
1605 2897
672 2898
630 2899
944 2900
1112 2901
1406 2902
2806 2903
2759 2904
2027 2905
99 2906
1961 2907
2327 2908
2286 2909
555 2910
949 2911
2706 2912
2744 2913
846 2914
2409 2915
1349 2916
1563 2917
1412 2918
2515 2919
2725 2920
1819 2921
1683 2922
1253 2923
1511 2924
1911 2925
1236 2926
316 2927
300 2928
356 2929
538 2930
343 2931
766 2932
2343 2933
1775 2934
656 2935
1832 2936
2075 2937
2547 2938
273 2939
314 2940
2351 2941
219 2942
87 2943
1773 2944
1266 2945
477 2946
2052 2947
2312 2948
1153 2949
1510 2950
880 2951
971 2952
1833 2953
2267 2954
468 2955
763 2956
2587 2957
1467 2958
764 2959
1782 2960
388 2961
2517 2962
2009 2963
1152 2964
2109 2965
2547 2966
47 2967
1758 2968
997 2969
218 2970
516 2971
866 2972
2284 2973
2339 2974
2016 2975
2408 2976
1932 2977
1977 2978
2184 2979
1439 2980
2377 2981
645 2982
308 2983
2234 2984
554 2985
475 2986
841 2987
1580 2988
880 2989
338 2990
10 2991
2099 2992
2415 2993
566 2994
967 2995
1637 2996
2464 2997
1540 2998
1415 2999
192 3000
1575 3001
606 3002
236 3003
2311 3004
2494 3005
2251 3006
44 3007
8 3008
1527 3009
1522 3010
711 3011
2433 3012
622 3013
738 3014
1110 3015
1370 3016
879 3017
1507 3018
2087 3019
2007 3020
575 3021
829 3022
1710 3023
697 3024
2498 3025
1967 3026
2394 3027
1002 3028
301 3029
2363 3030
2545 3031
1119 3032
2069 3033
2565 3034
761 3035
418 3036
454 3037
2799 3038
2061 3039
2775 3040
1877 3041
2094 3042
694 3043
2062 3044
67 3045
37 3046
625 3047
449 3048
1062 3049
1699 3050
1153 3051
743 3052
2906 3053
2959 3054
860 3055
2562 3056
2197 3057
2376 3058
363 3059
1333 3060
1857 3061
2300 3062
503 3063
2394 3064
1566 3065
961 3066
1046 3067
1774 3068
41 3069
391 3070
1217 3071
1884 3072
851 3073
1431 3074
2597 3075
986 3076
973 3077
1144 3078
671 3079
2281 3080
2337 3081
1511 3082
1918 3083
1765 3084
2868 3085
1536 3086
1493 3087
373 3088
1707 3089
742 3090
1232 3091
404 3092
2901 3093
2503 3094
1786 3095
865 3096
2593 3097
2139 3098
1494 3099
2927 3100
2072 3101
1074 3102
1905 3103
2911 3104
824 3105
266 3106
2078 3107
2998 3108
1335 3109
1807 3110
1003 3111
249 3112
1366 3113
2008 3114
1439 3115
1736 3116
1922 3117
2272 3118
2898 3119
2219 3120
1346 3121
103 3122
756 3123
947 3124
1813 3125
1565 3126
1872 3127
2668 3128
606 3129
1437 3130
915 3131
741 3132
788 3133
2501 3134
592 3135
2217 3136
3018 3137
3120 3138
466 3139
1021 3140
1418 3141
597 3142
2550 3143
2074 3144
3112 3145
589 3146
118 3147
2796 3148
1426 3149
2070 3150
522 3151
891 3152
1623 3153
2078 3154
1464 3155
389 3156
2868 3157
939 3158
1682 3159
92 3160
367 3161
3045 3162
663 3163
781 3164
381 3165
482 3166
2440 3167
2977 3168
1491 3169
2181 3170
2257 3171
1483 3172
3023 3173
1787 3174
1790 3175
2235 3176
1396 3177
2638 3178
2303 3179
2113 3180
2156 3181
3004 3182
1996 3183
2925 3184
101 3185
1887 3186
1893 3187
610 3188
1557 3189
132 3190
2437 3191
2056 3192
2193 3193
2574 3194
586 3195
2170 3196
448 3197
1875 3198
1836 3199
2095 3200
650 3201
1109 3202
2979 3203
1973 3204
2908 3205
2965 3206
1505 3207
12 3208
868 3209
955 3210
395 3211
732 3212
1908 3213
1152 3214
1670 3215
2841 3216
2992 3217
2994 3218
2937 3219
930 3220
2339 3221
3169 3222
2709 3223
2032 3224
919 3225
2325 3226
1485 3227
1804 3228
3122 3229
1198 3230
1587 3231
2588 3232
532 3233
2588 3234
2131 3235
1034 3236
582 3237
205 3238
1306 3239
765 3240
2030 3241
2269 3242
3057 3243
208 3244
2368 3245
1015 3246
1179 3247
584 3248
1040 3249
2938 3250
1851 3251
1610 3252
2027 3253
1697 3254
2288 3255
2445 3256
724 3257
480 3258
2349 3259
1476 3260
1174 3261
3470
q 1011
q 2707
q 3104
q 601
q 855
q 946
q 1296
q 2631
q 2657
q 1849
q 2619
O 2177
q 3009
q 901
O 97
q 1708
O 64
q 2636
q 318
q 3014
q 563
q 2478
O 586
q 2994
q 1231
O 1525
O 953
q 2662
q 585
q 139
O 2166
q 902
q 1718
q 1795
q 975
q 1285
O 3089
q 1072
q 1618
q 1855
q 2088
q 2369
q 3156
q 3169
q 1872
q 3188
O 317
O 2722
q 2218
O 1171
q 673
O 1539
q 1948
q 2480
q 1650
q 706
q 1682
O 3220
O 325
q 2226
q 666
q 380
q 2952
q 1286
O 1188
O 1011
q 1428
O 1673
q 1147
q 1334
q 1538
O 2452
q 2957
q 1735
q 2725
q 367
q 810
q 437
q 2942
q 2355
O 1778
q 2757
q 2925
q 1152
O 1253
q 577
q 2036
O 2665
q 2447
O 614
q 1685
q 2950
q 3151
O 668
O 2988
q 503
q 583
q 289
q 1035
q 1591
q 3242
q 2117
O 971
q 1589
q 364
q 1081
q 1770
q 1028
q 2126
O 464
q 2569
q 2092
q 1428
q 2174
q 2051
O 87
O 1686
q 2529
q 3182
q 1625
q 296
O 2884
q 768
q 562
q 2223
O 703
O 1503
O 1853
O 1140
q 2896
q 2372
O 1529
q 1056
q 471
q 204
q 3177
q 2831
q 879
q 659
q 2994
q 1670
q 1229
q 3209
q 3193
q 513
q 1393
q 2442
q 207
q 2975
q 87
q 369
O 2722
O 2301
O 2235
O 2874
q 1394
q 2074
q 3226
q 1064
O 1446
q 461
q 2241
O 2155
q 1611
q 2508
q 192
O 2413
q 1268
q 2641
O 2116
q 3100
q 624
q 1746
q 467
q 2424
q 620
O 2012
q 1865
q 2188
q 188
O 1657
O 1976
q 1853
q 1825
O 1824
q 1324
O 330
O 1175
q 2968
q 1263
q 1047
O 2731
O 3046
q 1590
O 3258
q 1884
O 2689
O 1593
q 1066
q 2888
O 1347
q 2149
q 3234
O 1545
O 1467
q 2957
O 1112
q 2159
O 1859
q 1855
q 2715
q 1599
q 1164
q 390
q 2621
O 1251
q 2824
q 2584
q 1548
q 2678
q 2722
q 966
q 462
q 1816
q 123
q 1025
q 1806
O 2618
q 2993
q 1648
q 2899
q 2090
O 1165
q 1965
q 1358
q 263
q 2839
q 3023
q 245
q 2916
q 2886
q 2961
O 1818
q 1
q 1149
q 646
O 1290
q 2948
q 1923
q 1704
O 2414
q 1927
q 1747
q 1887
q 1948
q 2003
q 2564
q 256
q 967
q 600
q 1774
q 819
q 1376
O 2785
q 683
q 2034
q 1398
q 848
O 2011
q 2035
q 574
O 893
O 1325
q 335
q 922
q 76
O 1485
q 1312
q 2928
q 2563
O 2934
q 1264
q 1555
q 1696
q 677
O 240
q 1399
q 2960
q 1599
q 2623
q 426
q 2622
O 278
O 2902
q 3087
q 2139
q 1674
q 82
q 242
q 1069
q 1136
O 1138
q 3070
q 539
q 2970
q 1952
q 1379
q 796
q 1972
q 1330
q 2299
q 2635
q 2773
q 512
q 1232
q 1125
O 516
O 2103
q 1456
q 1017
O 1725
q 1610
q 2906
q 2210
q 270
q 1387
q 1497
q 802
q 2725
q 137
O 1965
q 2028
q 2442
q 1552
q 2107
q 298
q 941
q 3110
q 1057
q 320
q 2632
q 2679
q 1506
O 1924
q 1548
O 1585
q 220
q 2984
q 1603
q 429
q 1274
q 2812
q 695
O 261
q 1715
q 3043
q 3143
O 220
q 80
q 2761
q 2642
q 2892
q 339
q 1347
q 1855
q 1162
O 1772
O 1506
O 1181
O 2000
O 1309
q 585
q 3118
q 742
q 1983
O 2526
O 2997
q 467
q 483
q 3153
O 1531
q 1590
q 83
q 1266
q 2857
q 2143
O 2839
q 1760
O 579
q 2826
q 2236
q 1845
q 13
q 2588
O 2407
q 3244
q 1603
q 1187
q 2962
q 2016
q 3036
O 146
q 2
q 193
q 337
q 759
O 2424
q 235
q 848
q 2855
q 1093
q 1288
q 786
O 1507
q 597
O 2720
q 2703
q 365
q 2848
q 1892
q 645
q 3215
q 1210
q 2040
O 21
q 65
q 2088
q 2223
q 727
q 2773
O 3239
q 345
q 2812
q 2560
O 2046
q 934
q 317
q 1524
O 1003
O 410
q 1807
O 1470
q 752
q 2908
q 373
q 26
O 1751
q 390
q 1320
q 1607
q 1501
q 225
q 1545
O 1700
q 549
q 438
O 1105
q 2762
q 3162
q 2356
q 1602
q 468
O 239
q 869
q 3118
q 834
q 1900
q 1263
q 3228
O 1754
q 2786
O 2254
O 2865
q 1712
q 1647
q 1144
q 628
O 3151
O 2996
q 766
q 18
q 2390
q 1299
O 439
O 1413
q 1780
q 317
q 1174
q 2219
O 1435
q 2663
O 1706
q 7
q 2239
O 1458
O 1663
q 259
q 124
O 1062
O 2969
q 2051
q 242
q 2835
O 1191
O 1088
q 3123
q 2627
O 1810
q 2409
q 500
q 300
O 179
q 2852
q 2868
O 2297
q 2582
q 1717
q 801
q 504
q 1487
q 1803
q 262
q 1258
q 1081
q 1282
q 2485
q 1271
q 1169
O 105
O 1810
q 516
q 1392
q 217
q 2229
q 2955
q 2802
q 3255
q 1170
q 2320
q 857
q 3087
q 1631
q 2753
q 1707
q 1197
O 2825
q 767
q 253
O 1031
q 2115
q 1027
O 1657
q 1630
q 3196
q 2652
q 1364
q 1503
q 2648
q 353
q 429
q 2225
O 967
q 1909
q 1584
q 788
O 3097
q 1616
q 2806
q 3168
q 1770
q 2987
q 983
q 109
q 2688
q 2914
q 1683
q 2665
q 2416
O 2845
q 23
q 381
q 3069
q 2319
q 2630
q 731
q 1218
q 839
q 248
q 2897
q 390
q 3012
q 1148
q 2553
q 2531
O 2962
O 2000
q 376
q 1712
q 477
O 3225
q 935
q 833
O 288
q 1550
O 631
q 34
q 86
q 70
O 1894
q 1424
q 1690
q 2310
O 1604
q 637
O 886
q 1573
q 582
q 1691
q 2639
q 2321
q 1094
q 416
q 287
q 1253
q 955
q 1431
q 1911
q 1315
q 1896
O 128
q 1269
q 3189
q 146
q 571
O 2713
q 1847
q 2101
q 2859
q 23
q 2986
q 3235
q 3
q 322
q 639
q 2758
q 1806
q 129
O 2249
q 215
q 2267
q 2195
q 1719
q 1881
q 387
q 2861
q 2153
q 3004
O 2750
q 36
q 1097
q 2255
q 30
q 2240
q 1458
q 1201
q 305
q 2662
q 1383
O 2039
q 1151
O 2177
q 609
O 1177
O 1051
q 1392
q 1654
q 2124
q 435
O 110
q 2120
q 1107
O 80
q 3064
q 2734
q 887
O 1745
q 1772
q 2069
q 1893
q 1416
O 1654
q 170
q 1105
q 505
q 2156
q 425
q 1020
q 2394
q 2245
O 2560
q 855
q 839
O 2221
q 2320
q 70
O 1609
q 1542
q 2439
O 1168
q 99
q 821
O 1540
O 2289
q 2864
q 2502
q 3061
O 488
q 2300
q 1180
q 2266
q 229
q 2217
q 1816
q 103
q 1582
O 123
q 2380
O 2259
q 3118
O 2600
q 240
q 1626
q 2595
q 1696
q 3016
q 1261
O 928
O 1608
q 310
q 2968
O 1434
O 1037
q 2621
q 1382
O 2123
q 1378
q 1101
q 615
q 2986
O 3199
q 2057
q 815
O 842
q 377
q 1576
q 2832
q 373
O 938
q 1380
q 2532
q 1151
q 317
q 1872
q 984
O 1442
q 2978
q 86
q 735
O 1726
O 758
q 716
O 173
q 1127
q 446
q 1943
q 1851
q 2607
q 2911
q 2494
O 2729
q 971
q 2251
q 2040
q 2686
q 2930
O 537
q 2510
q 289
q 465
q 1669
q 1113
q 301
q 2194
q 1094
q 3099
q 291
O 1440
q 1050
O 2965
q 259
q 214
q 2549
q 2294
q 702
O 1642
q 2123
q 2260
O 557
q 2400
q 1779
q 599
O 497
q 2974
q 898
q 1804
q 2394
O 2947
q 1330
q 2263
O 788
O 1806
q 1107
q 3012
O 923
O 2868
O 617
q 2475
q 1949
q 3001
q 2135
q 802
O 2986
q 744
q 168
q 1542
q 1636
q 1332
q 3116
q 447
O 1264
q 89
O 2010
O 2609
O 1697
q 1880
q 212
q 2395
O 1497
q 92
q 872
q 2410
O 2929
O 1008
q 1084
O 2360
q 192
O 461
q 1618
q 2039
q 2058
q 532
q 2449
O 2686
q 2209
q 1068
q 366
q 1257
q 2949
O 1739
q 255
q 3095
q 1287
q 857
q 1035
q 2145
O 686
q 3106
q 1340
q 1376
q 1331
q 604
q 764
q 892
O 1980
q 1282
q 540
q 742
q 352
q 1677
O 3195
q 936
q 55
q 1116
q 1396
q 1323
q 635
q 2420
O 2853
q 1197
q 1723
O 921
q 819
q 257
q 1127
q 27
q 3029
O 3136
O 1534
O 2502
q 2239
q 2906
O 193
q 567
O 2679
q 2248
O 2918
q 2204
q 1456
q 111
q 15
q 246
q 960
q 1056
q 1825
O 2125
q 2160
q 2689
q 1639
q 2554
q 1333
q 899
q 1195
q 420
O 1636
q 2081
q 1508
O 2934
q 2160
q 2913
O 2306
q 2224
q 941
O 1285
q 2532
q 2664
O 1693
q 1161
q 1010
q 611
O 2327
q 1904
q 1870
q 2873
q 833
O 1250
q 3246
q 1153
O 588
q 2457
q 1551
q 2409
q 2041
q 268
O 1708
q 1853
q 3167
q 1884
q 2784
q 1489
q 2605
q 1697
q 250
q 1385
q 1632
q 673
O 3234
q 3125
O 2446
q 2316
q 1528
q 2898
q 2167
O 1401
q 1266
q 321
O 1837
O 292
q 567
q 1949
q 3125
q 78
q 189
q 34
q 1794
q 1954
q 122
O 3203
q 2535
q 3140
q 2418
q 1026
q 1645
q 81
q 104
q 2287
q 2493
O 2042
q 374
q 1372
O 310
q 395
q 2706
q 2342
q 2883
q 336
O 447
q 2260
O 3219
q 444
O 3008
q 1958
O 2651
q 1306
O 408
O 2743
O 598
O 2601
q 3010
q 2972
q 200
q 2577
O 911
q 3243
q 193
q 1695
q 2528
q 783
q 1333
q 2881
q 2032
q 12
O 74
q 85
O 31
q 1932
q 3191
O 218
q 1584
q 2865
q 887
q 630
q 3261
q 1962
q 1907
q 2035
q 2172
O 2210
q 1499
O 1597
O 854
q 2407
q 2924
q 260
q 2101
q 427
q 2354
O 757
q 2026
q 2436
q 2560
q 899
O 3022
q 2024
q 3189
q 2442
q 1670
q 1615
q 1885
q 2927
q 544
q 2019
q 317
O 2664
q 761
O 2521
q 444
q 1644
q 1962
q 2488
q 1390
q 1963
q 376
O 8
q 1233
q 2702
q 114
q 799
O 2219
q 602
q 2966
O 2802
q 870
q 256
O 1491
q 80
q 1395
q 2516
q 3109
q 1414
q 796
q 336
q 2759
q 124
q 828
q 2210
q 1247
q 1008
q 1297
q 2550
q 2559
q 1477
O 202
q 120
q 1698
O 285
q 2186
O 329
O 2051
q 55
q 778
q 2119
q 2967
O 1365
q 820
O 1777
q 1890
O 422
q 3113
q 1216
q 2730
q 979
q 2275
q 700
q 391
q 770
q 1666
q 1527
q 891
O 1540
O 611
q 721
q 739
q 414
q 1055
O 2350
q 1604
q 1592
q 2832
q 2918
q 1889
q 3007
q 1762
q 2266
q 2985
q 57
q 219
q 2948
q 2662
O 2248
O 3196
O 115
O 2248
q 334
O 1333
q 2267
q 2578
O 949
q 1560
O 2653
q 2467
q 1489
q 1123
q 2133
q 2694
q 164
q 767
q 1518
O 366
q 2059
q 296
O 745
q 204
q 2090
q 3045
O 1489
q 789
q 1181
O 213
q 1629
q 1584
q 1714
q 130
q 417
q 339
q 2392
q 319
q 393
q 1335
O 842
O 51
q 1028
O 1704
O 1416
q 2535
q 2459
q 1643
q 1815
q 2607
q 791
q 1589
q 42
q 1412
q 474
q 908
q 2115
q 1835
q 305
O 744
q 736
q 2022
q 1832
q 365
q 1874
O 1817
q 286
q 2130
q 652
q 1216
q 3261
q 2389
q 850
q 2835
q 2101
q 1523
O 1953
q 1062
O 1150
q 514
q 153
q 2948
q 3115
q 1837
O 196
q 44
q 2020
O 1168
O 2040
q 2383
q 2568
q 322
q 1025
O 417
q 1265
O 190
q 1851
q 220
q 779
O 2590
O 1436
q 2665
O 2815
q 1312
O 1153
q 2190
O 1607
q 1210
q 696
q 2780
q 550
q 2610
q 2495
q 2092
q 1280
q 1455
q 875
q 3027
q 2260
q 1633
q 302
q 2044
q 2125
q 627
q 864
q 2993
q 680
q 2619
q 1287
q 125
q 59
q 617
q 1358
O 124
q 567
O 275
O 2006
O 699
O 1436
q 3243
q 1540
O 644
q 111
q 776
q 363
q 3233
O 1791
O 711
q 64
q 1109
q 1256
q 3027
q 2233
O 1806
O 2829
q 2690
q 2853
q 1110
O 1048
q 2315
q 2716
q 3134
O 2592
q 1115
q 365
O 2022
O 1659
q 1521
q 474
q 869
q 439
q 534
q 1784
q 1024
O 2326
O 1575
q 1372
O 2820
q 994
O 2769
q 2787
O 979
q 2410
q 2442
q 3009
O 2140
O 1640
q 793
q 2399
O 2512
O 3119
q 836
q 2519
q 987
O 3132
q 2539
q 1446
O 849
q 1223
q 844
q 73
O 1724
q 800
O 2377
q 2208
q 3104
q 3088
q 1414
O 3123
q 1080
O 1689
O 1522
O 506
q 3170
q 2524
O 455
q 1439
O 918
q 2412
q 2640
O 2248
q 1970
q 1490
O 2780
q 115
q 2102
q 3032
q 154
O 1285
O 1625
q 845
q 340
O 983
q 2510
q 1371
q 1242
q 260
q 208
O 1479
q 34
q 329
q 1133
q 372
O 281
q 1508
q 1470
O 1438
O 1125
q 2484
q 1874
O 2550
q 2663
O 1071
q 554
q 23
q 3034
O 1374
q 1187
q 307
q 2496
q 2872
O 103
q 2478
q 2179
O 344
O 2252
q 928
q 48
q 3097
O 1450
O 361
q 514
O 529
O 3060
q 3249
O 2577
q 516
q 2937
q 2628
O 1618
O 1690
q 2586
O 2201
q 1742
q 1317
q 2823
q 3102
O 2785
O 2455
O 3251
q 2833
O 1421
O 2892
q 1154
q 1034
q 2230
q 1599
q 194
q 1729
q 1345
q 1494
q 8
q 2079
q 2446
q 1696
q 45
O 3260
q 1786
q 2407
q 1064
q 2969
O 2436
q 1053
q 704
q 2031
q 835
q 2100
q 60
q 1543
q 477
q 2998
O 34
q 2102
O 1908
q 1368
q 530
q 1434
q 2366
O 1739
q 2035
q 2404
q 1085
q 2756
O 1883
q 2674
q 2534
q 1583
O 1956
O 236
q 1588
q 2199
q 2907
q 2525
q 894
q 2200
q 332
q 2336
O 1119
q 2460
q 3199
q 3136
q 561
q 2425
O 3071
q 2433
q 2632
O 1064
q 285
q 2443
q 1865
q 1092
q 198
q 1802
q 1967
q 918
q 103
O 1228
O 519
q 1128
q 2274
q 311
q 2031
O 1212
O 2552
q 1138
q 1051
q 602
O 1939
q 669
q 140
q 1363
q 558
q 1813
O 1183
q 3195
q 690
O 2137
q 2047
q 2152
q 2104
q 2161
O 2750
q 3027
q 528
q 2257
q 238
q 175
q 967
q 307
q 2593
q 1495
q 1080
O 3170
O 124
q 988
O 3203
O 2283
q 3187
q 1443
q 3251
O 439
q 2191
q 1112
q 2923
q 2103
q 419
O 1763
q 1165
O 2418
O 2091
q 1169
q 1812
q 2320
q 740
q 1643
O 2272
q 2323
q 1562
q 1084
O 319
q 2700
q 1975
q 509
q 1344
q 1898
q 2438
O 3144
O 2352
q 2835
O 1576
q 47
O 1772
q 2164
O 1703
O 672
O 1876
O 1346
q 3088
q 884
q 2908
q 1144
q 1071
O 1103
O 1241
q 1613
q 1267
q 160
O 1043
O 1073
O 2039
q 871
q 1345
O 742
q 1742
q 2594
q 3148
O 2703
O 2719
q 2549
O 91
q 2858
q 3171
q 1747
q 1457
q 60
q 2968
O 2642
q 1675
O 515
q 741
q 2944
O 697
q 3078
O 1072
q 1903
q 2298
O 1475
O 51
q 2168
q 2612
O 470
q 958
q 391
q 334
O 335
q 1636
O 2315
q 3087
O 2081
q 1164
q 671
O 141
O 2194
q 2097
q 1718
O 3071
q 726
q 418
q 2428
q 280
q 506
q 1163
q 1209
q 2880
q 2825
q 252
q 180
q 585
O 450
q 2524
q 1398
q 3035
q 2700
q 1238
q 426
q 3141
q 931
q 1473
q 685
q 1390
q 2682
q 1007
q 2315
q 2888
q 1204
q 2192
q 2030
q 1078
O 1638
q 1607
q 2630
O 2246
q 2145
q 2723
q 1475
q 1270
q 1885
q 845
O 2406
O 1420
q 122
O 1145
q 1586
q 1116
q 3204
q 2019
q 1388
q 2941
q 1465
q 848
q 1906
q 1027
q 1003
q 2446
q 2424
q 2269
q 2991
q 844
q 1269
q 2473
q 3168
q 968
q 2213
q 2270
q 3068
q 14
q 123
q 507
q 1241
O 1010
O 1635
q 258
q 2445
q 1345
q 2692
q 2846
q 904
q 2515
q 946
q 2474
q 1388
q 2985
q 764
q 1932
O 137
q 2637
q 2539
q 1783
O 1243
q 1596
O 1210
q 1866
q 2646
q 2644
q 69
O 1348
q 983
q 1041
q 2800
q 2488
q 2391
q 2683
q 1226
q 2268
q 2332
q 2254
q 1930
O 799
q 1324
q 2311
q 2773
q 1440
q 3192
q 957
q 1610
q 1144
O 2956
q 1478
q 869
O 1890
q 2327
O 2131
q 438
O 2991
q 292
O 1216
q 1985
q 702
q 3166
q 840
q 2772
q 2066
q 91
q 1207
q 1052
q 2904
q 1440
O 2485
q 2666
q 524
q 3092
q 620
q 1127
q 2431
q 2771
q 1101
O 2195
q 1414
q 2325
q 2503
q 2067
q 2828
q 77
q 2729
q 1171
O 164
O 110
O 826
q 476
q 1625
q 802
O 598
q 2426
O 841
q 2068
q 1483
q 913
q 960
q 1798
q 1167
O 2116
q 1118
q 1794
O 288
q 126
q 1886
q 2766
O 3160
O 197
q 3190
O 1411
q 2645
q 1227
q 1796
q 861
q 926
q 1847
O 821
O 2469
q 2580
q 884
O 2076
O 1165
q 1725
q 1550
q 487
q 3077
q 2262
q 535
q 1826
q 1504
q 470
O 385
q 1901
q 2880
O 233
O 257
O 2692
q 2184
q 427
q 188
O 2848
O 3160
q 2026
q 3004
q 2440
q 1480
q 413
q 1127
O 2394
q 1290
q 835
O 2397
q 3051
q 2114
q 2295
q 2680
q 2456
O 1354
q 1925
q 3129
q 734
q 2292
q 2638
q 1063
q 1971
q 1937
O 188
q 2227
q 991
q 551
O 2429
O 3109
q 393
q 510
q 694
q 2490
O 1960
O 2221
q 1691
q 858
O 2386
O 203
O 3071
q 867
q 2510
q 987
O 605
q 1899
q 2047
O 1145
q 2335
q 2192
q 3224
q 2853
q 55
q 1143
q 353
q 1003
q 2628
O 146
q 2934
q 285
q 2311
q 186
q 2282
q 3080
q 2330
O 932
q 446
q 2999
q 2222
O 2962
q 1489
O 3212
O 533
q 1711
q 1894
q 2168
q 1252
q 2186
q 711
q 539
q 1873
q 638
q 1267
q 1361
q 1490
q 803
q 2964
O 2338
q 465
O 1247
O 1400
O 617
O 3223
O 2591
O 2143
q 692
q 457
O 92
q 1766
q 541
q 2656
q 2763
q 617
q 752
q 847
O 928
q 2128
q 2997
q 2384
O 2885
q 122
O 1111
q 2549
q 1751
q 253
O 2885
q 2588
q 595
O 2156
q 1309
q 2552
q 3048
q 2687
O 702
q 1573
O 1404
q 3024
q 2818
q 1721
q 1366
O 2898
q 1438
q 160
q 2332
q 463
q 3201
q 1636
q 524
q 1094
q 1478
q 2076
O 8
q 1733
O 505
O 2745
q 1922
O 2088
O 2484
q 2331
q 403
q 437
O 27
q 2095
q 2849
O 3085
q 3180
q 364
q 973
q 1668
q 2396
O 3057
q 2960
q 1187
q 2711
q 1759
q 254
O 1940
O 1292
q 443
O 3024
q 162
q 1329
q 1588
q 2983
q 693
q 297
q 1210
O 1172
q 2377
q 1964
q 2742
q 775
q 390
q 678
q 1424
O 1283
q 2072
q 831
q 2822
q 2314
q 1270
q 2518
q 1324
q 3152
q 3099
O 868
O 1653
q 1565
q 2478
O 1844
O 1709
q 943
q 477
q 407
q 2554
q 1442
q 1864
q 1542
q 2701
O 2711
q 3025
O 3057
O 3098
q 1893
q 816
O 2113
q 3236
q 2321
q 2315
q 2524
q 1870
O 138
q 1982
q 2944
q 3241
q 150
q 2867
O 2718
q 344
q 1737
q 2844
q 2261
q 15
q 3033
O 3112
q 2872
O 2973
O 1405
q 248
O 2405
q 2704
q 2855
q 2750
O 898
q 2011
q 748
q 1183
q 3255
O 518
q 219
q 325
q 1038
q 733
q 2132
q 180
q 3061
q 2557
q 1871
q 728
q 1801
q 1671
q 2545
q 466
q 2987
O 2470
q 1810
q 2835
q 3024
O 1068
q 2291
O 856
O 974
q 2863
q 1701
q 344
q 331
q 1873
q 930
q 441
q 2805
q 2194
O 2063
O 2030
q 2127
q 2267
q 2562
O 2690
q 2627
q 2431
O 145
q 256
O 1221
O 3021
q 2870
O 2784
q 983
q 688
q 2765
q 868
q 1762
O 1362
q 184
q 1802
q 1643
q 1927
q 2236
q 1198
q 3164
q 1444
q 2694
q 1025
q 2804
q 1104
O 2110
q 681
O 1833
q 3174
O 2740
O 2622
q 1475
q 169
O 2890
O 1985
q 1339
q 1708
q 1076
q 704
O 250
q 1928
q 1970
O 1470
O 3023
O 1928
O 1176
q 1574
O 2502
O 1390
q 998
q 545
O 1195
q 3
O 2808
q 2179
q 2247
q 3207
q 921
q 2056
O 2649
q 3049
O 343
O 280
q 2180
O 2046
q 1937
q 2818
O 1996
O 1348
q 2569
q 1514
O 1306
O 621
q 1508
q 2896
q 1477
O 1065
O 1500
q 1846
q 1565
q 151
q 1419
O 513
O 2900
q 2685
q 1972
O 3077
O 3174
q 1342
q 2539
q 2669
q 616
q 1854
q 3057
O 1822
q 1460
q 1956
q 1941
q 25
O 3256
q 2814
q 2600
O 2942
q 1037
q 1207
q 416
O 2584
O 1211
O 106
q 427
q 658
O 38
q 2965
q 3152
q 3009
q 3045
O 2096
O 70
q 2669
q 1172
q 1320
q 999
q 2072
q 1340
q 2300
q 2185
O 881
O 2187
q 96
q 1108
q 297
q 2144
q 3197
q 3016
O 2195
q 258
q 1232
q 1071
q 2200
O 2974
q 463
O 861
q 3096
O 2755
q 1910
q 2659
q 373
O 469
q 407
O 764
q 125
O 1689
q 2502
q 348
O 2855
q 1011
O 1086
q 2150
q 648
q 487
q 2962
q 1129
O 903
q 1688
O 3073
q 2477
q 261
O 2526
q 1727
q 2514
q 2593
q 1066
q 61
q 2075
O 973
q 841
q 2186
O 39
q 1185
q 3133
q 2975
q 1122
q 1365
q 17
O 917
q 1143
q 1606
q 1974
q 1365
q 630
q 983
q 2939
q 966
q 3175
q 2304
O 2176
O 3240
q 2979
q 1020
q 1687
q 384
q 448
O 1870
q 3057
q 606
O 447
q 2339
q 2391
O 2248
O 1539
q 752
q 3055
q 2332
q 1397
q 2002
q 1901
O 2596
q 906
q 916
O 270
q 2510
q 1901
q 1965
q 2258
q 1049
q 2412
O 1329
q 261
q 865
q 3035
q 2199
O 1743
q 1645
q 585
q 1175
q 3247
q 24
O 1923
q 2123
q 2087
O 623
q 584
q 1129
q 1821
q 722
O 1769
q 1431
q 2632
O 157
q 344
q 485
q 1801
O 1296
q 824
O 338
O 1612
q 3112
q 456
q 1847
O 2754
q 2973
q 1378
O 1153
q 3065
q 2908
q 1744
q 1730
O 2535
q 3136
q 2586
q 2145
q 1206
q 2289
O 163
q 1032
q 1384
q 167
O 2641
q 1788
O 1282
q 3043
q 3205
O 3054
q 2313
q 802
q 1378
q 2410
O 686
q 752
O 1667
q 983
q 2897
q 354
q 3192
O 1984
O 2685
q 2087
q 3260
q 1270
q 1744
q 1343
q 1857
q 745
O 952
q 2660
q 371
q 2517
q 3032
q 3060
q 929
q 2321
q 3078
q 460
q 559
q 1649
q 1185
O 472
q 1685
q 1812
q 2351
q 837
O 1434
O 2161
O 978
q 182
q 539
q 2197
q 1272
q 288
O 689
q 1311
q 1772
q 2579
q 2491
q 2563
q 2603
q 191
O 787
O 1040
q 2344
q 1784
O 151
q 2349
q 271
q 1852
O 2827
O 2422
q 982
q 420
q 2759
q 1589
q 2881
O 375
q 1002
q 2507
q 175
q 3182
q 1718
q 2482
q 2529
O 1358
q 3005
q 2704
q 182
q 1805
q 794
q 2821
q 1136
q 3195
q 1505
q 1915
q 755
q 1697
q 635
O 674
q 1497
q 3098
O 782
q 1515
q 934
q 91
q 2279
q 1895
q 2034
q 2528
q 1839
q 2628
q 624
O 3183
q 2348
O 345
O 451
q 173
O 2651
q 292
O 1281
O 281
O 2784
q 3047
q 942
O 340
q 2105
q 452
q 71
q 1856
q 2633
O 27
q 2566
q 445
q 1730
q 1962
q 197
O 2711
q 1405
q 2514
q 2757
q 1043
q 2374
q 2762
O 2391
q 761
O 793
q 35
O 1859
q 730
O 1927
q 1597
O 2631
q 2903
q 1061
q 1578
q 111
q 236
q 2830
O 2114
q 1876
O 1094
q 3065
O 2767
q 2032
q 2819
q 3117
O 3021
q 1264
q 1499
q 1375
q 191
q 1396
O 2491
q 663
q 3222
O 2351
q 3090
q 2459
q 2319
q 746
O 722
q 3064
O 1611
q 1720
q 1146
q 1940
O 88
q 3035
O 1190
q 3259
q 2209
q 1453
q 1729
q 2184
O 1246
O 2230
O 92
q 2316
q 1351
q 175
q 2646
q 3055
O 1529
q 899
q 766
q 1512
q 1131
q 420
O 813
O 2597
q 1068
O 1115
q 1327
q 1985
q 1333
q 2782
q 2723
q 1430
q 30
q 1429
q 1729
O 3190
q 2939
q 532
q 2595
q 466
O 1530
O 1861
q 1043
q 34
q 2732
q 2835
q 2780
q 1007
q 3124
q 876
O 2441
O 3127
q 63
O 3260
q 1251
q 3054
q 754
q 3038
O 239
q 1067
q 1834
O 192
q 2815
q 2287
q 3225
O 2946
O 307
q 2795
q 2875
q 625
O 2748
q 1280
O 2496
q 3111
O 1919
q 167
q 267
q 1725
q 1569
q 3067
q 1646
O 1157
q 1112
O 524
q 552
q 1150
q 1718
q 2638
q 2069
O 733
q 1454
O 2317
O 1146
q 1297
q 2610
q 818
O 1191
q 2414
q 2272
q 1725
q 808
q 350
q 1023
q 1691
q 3241
q 1421
q 2156
O 13
q 30
q 2749
q 1870
q 240
q 364
O 1058
q 239
q 1697
O 2910
O 603
q 2568
q 3049
q 2221
O 1093
q 2963
q 1882
q 637
O 471
q 256
q 2743
q 2274
O 1111
q 2669
q 3117
q 1980
q 1363
q 2999
q 1805
q 3233
q 2237
q 1116
q 503
q 1797
O 1947
q 532
O 361
q 2471
q 410
O 3206
q 1663
q 1000
O 1831
O 1264
q 3096
O 2347
q 1301
O 2385
q 1768
O 1158
q 1949
q 499
O 1256
O 1402
q 390
q 172
O 245
O 1773
q 1988
q 986
q 2246
q 1274
q 1149
q 1202
q 2048
q 1561
q 1814
q 263
O 1106
q 1449
q 2233
q 421
q 1890
q 1657
q 1562
q 1569
q 1364
q 3064
q 1873
O 529
q 1238
q 814
O 3218
O 1488
q 2226
q 250
q 1380
O 3024
O 2919
q 2464
q 768
q 565
q 2824
q 3209
q 342
O 1923
q 2316
q 2211
q 1355
O 1027
q 377
q 492
q 2950
q 1942
q 510
O 1858
q 3123
q 797
q 2889
q 1950
O 3255
q 1981
O 2297
q 751
q 1840
q 1148
O 1664
q 417
q 2319
q 3226
q 1152
q 2548
q 2549
q 569
O 902
q 1610
O 1633
O 2567
O 1720
q 36
O 246
q 2566
q 2523
O 2869
q 1874
q 1292
q 2254
q 2357
O 3241
q 3008
q 29
q 3034
q 2850
q 1027
q 1093
O 2189
q 2123
q 1037
q 2620
O 19
O 1075
q 2495
q 1195
q 891
q 2762
q 54
O 3257
O 2175
O 979
O 2645
q 1188
O 1334
q 607
q 1139
q 2034
q 1987
q 2247
q 1855
q 2287
q 3098
q 2128
O 1811
q 935
q 482
O 806
q 1810
q 3042
q 3161
O 1629
q 2491
q 958
q 1101
q 2115
q 2770
O 3142
q 2662
q 2694
O 968
q 135
q 888
q 196
O 1295
O 1282
q 2099
O 1819
O 45
q 3261
q 1114
O 417
q 713
q 1929
q 1426
q 2889
O 1413
q 1226
q 1586
q 1052
q 2172
q 587
q 1328
O 1257
q 397
q 2992
q 1482
q 488
O 2504
q 197
O 53
O 1185
O 2663
q 1725
q 3147
q 1618
O 1143
q 2635
q 2105
O 69
q 2215
q 841
O 182
q 2444
q 1103
q 2723
O 989
q 2620
O 2390
q 2528
O 809
O 769
O 3144
O 2552
q 1246
q 1830
q 2614
q 1320
q 3206
q 512
O 374
O 1945
O 1792
O 2933
O 416
q 1682
O 1824
O 537
q 1624
q 2694
O 609
q 817
O 865
q 2386
q 2312
q 1563
q 3220
q 3022
q 2100
O 1165
O 1686
q 461
q 2032
q 327
O 2271
q 1677
q 873
O 984
q 914
q 2258
q 979
q 204
q 1208
q 1736
q 3186
q 3073
O 3216
q 556
q 2466
q 2550
q 2249
q 2091
q 794
q 251
q 2189
q 2386
O 1059
q 719
O 810
q 810
q 1734
q 1849
q 322
q 210
q 2684
q 318
q 583
q 116
q 1356
q 2954
O 3010
q 1667
q 3074
q 1062
q 422
q 2929
q 2880
O 221
q 111
q 1493
q 1058
O 3244
q 2008
q 1536
q 2064
O 718
q 2962
q 1930
q 2805
O 2784
q 594
q 1113
q 499
q 1549
q 1765
q 212
q 565
O 1261
q 2594
q 95
q 652
q 1817
q 524
q 2303
q 1377
O 956
q 3141
q 1839
O 3148
q 2562
q 3206
q 1781
q 3146
q 1247
O 413
q 1811
q 636
q 1667
O 2556
O 2178
O 1254
q 771
q 2545
q 1915
q 1895
O 476
q 363
O 2389
q 2595
O 337
O 2366
O 656
q 55
O 2103
q 1466
q 620
q 604
O 1089
q 1222
q 1676
q 2488
O 2039
q 1400
q 1601
q 1306
q 2082
q 161
q 212
q 2585
q 2182
q 1010
q 811
q 2493
O 961
q 483
q 1571
q 2973
O 1585
O 2994
q 2214
q 50
q 1030
q 1004
q 1060
O 489
q 1152
q 573
q 2341
O 2429
q 2888
q 3051
q 2314
q 3028
q 163
O 421
q 1058
q 1529
q 1409
O 615
O 785
q 1013
O 1565
q 1253
q 2250
q 373
q 3038
q 906
q 1474
q 1003
q 1977
q 597
O 1607
q 147
O 966
O 2947
q 199
q 135
q 3050
O 2592
O 509
q 1778
q 1179
q 634
q 292
q 148
q 2077
q 2365
q 776
q 2617
q 1046
q 913
q 679
O 1996
O 2310
q 3027
q 1060
q 980
q 236
q 896
q 3240
q 2675
q 1639
q 197
q 2270
q 537
q 220
q 2479
O 450
q 3178
q 2468
O 2556
q 1142
q 475
q 208
q 2358
O 2155
O 2502
q 2766
O 3026
q 714
q 629
q 212
O 567
q 824
O 1898
q 459
q 2886
q 1666
q 1280
q 1730
q 724
q 1740
q 2147
q 637
q 2370
q 3158
q 1616
O 2793
q 483
O 704
O 1274
q 81
O 1505
q 251
O 3233
q 1622
q 80
q 1031
q 2357
q 849
q 1091
O 1199
q 1186
q 576
q 2274
q 1928
q 124
q 1764
q 573
q 1745
q 1280
q 752
q 141
q 1850
q 2695
O 2370
q 1094
q 2710
O 1333
O 2531
q 1472
q 75
q 2019
O 49
q 997
q 738
q 1940
q 28
O 2334
O 204
q 1397
O 1096
O 2287
q 2633
q 50
O 1357
q 1839
q 1216
q 2823
q 2269
q 2279
q 2460
q 615
q 398
q 2975
q 1704
O 1593
q 82
q 356
q 2698
O 230
q 26
q 2918
O 1013
O 36
q 3197
q 2516
q 2025
q 1311
q 3152
q 830
q 2737
q 1824
q 2275
q 2186
O 1786
q 3139
q 1257
q 2255
O 2657
O 3023
q 1055
q 1370
q 1487
q 2849
q 130
O 2751
O 2770
q 2562
q 731
O 657
q 2006
q 2337
q 2025
q 2663
q 2485
q 3216
q 635
q 653
q 47
q 3018
q 2636
q 989
q 1979
O 2505
O 2337
q 2959
O 2470
q 2954
O 2314
O 2439
O 509
O 203
q 689
O 776
q 138
q 1243
q 2892
q 2851
q 64
q 2578
q 972
q 2425
q 2407
q 2117
O 2594
q 1738
O 119
q 2623
q 3123
q 449
q 1193
q 2139
q 2945
q 1043
q 992
O 1935
q 196
q 473
q 1456
O 1854
q 116
O 2126
q 1856
q 585
q 547
q 239
q 2762
q 2325
q 1920
q 63
O 1728
O 1954
O 794
q 82
q 2636
q 41
q 2253
q 949
O 2965
O 3035
q 1773
O 2870
q 1398
O 348
q 2244
q 2857
q 2912
O 2242
O 477
O 3126
q 2407
q 2421
q 112
O 379
O 957
q 387
q 3049
q 2838
O 439
O 2915
q 11
q 1329
q 2335
q 1223
O 261
q 285
q 1203
q 358
O 1594
q 1476
q 129
q 2189
q 669
q 3172
q 82
O 2357
q 1587
q 1844
q 1164
O 2218
O 1649
O 262
O 2390
O 343
O 1151
O 46
q 1633
q 2571
q 900
q 1938
q 782
q 2722
q 185
q 171
q 535
q 697
q 2774
q 717
q 3220
q 571
q 689
q 865
q 509
q 1304
