20 50
19 6 10011010101011000000000000001
16 11 11000000101000000000000101010
2 2 11101001111100001000000000010
19 6 1101000101110001000001100000
6 18 1000011100111000010101000010
17 3 100101110101001011000001010011
12 15 1011001000101100000000101010010
12 11 1000100101101101000000111010
15 5 1111111000000000000100010
3 4 110100110111101100100001111000
20 10 11110010101000001010001110010
9 1 110000011101000000000000000000
6 6 111101110100010000000101010000
19 10 1101111100010011000000110001
5 1 1000000100100100000101010010
14 1 100011111101001001010110010
9 9 111001111100000001000100011010
11 17 101100100110000000000101100011
10 1 11000111111000000000000001000
13 11 11100001101010000000011000010
7 17 1000110100111000000100100000
13 16 11101110101000100000000101011
19 16 11001000101000001000001110000
12 18 100100101100000000010110000
14 3 111011110111100001000011110000
5 5 1001111101000000010001111001
19 15 1001001101011100000011001000
8 16 11110010110000100010000110011
1 1 10001010101100000000000100110
15 19 1011101111110100100000001110010
12 12 1010000110101000000000001001000
16 11 1100111101100010001100100000
18 12 110101111111001000100001110010
15 4 1011000010101100001000101100010
15 1 101001000111000000000001111000
20 10 1100100110001001000000100010
5 2 11000111101000011000001000010
7 15 101001110011001000000001111010
4 8 1011001100101100010000011100010
10 9 101001110101000001000100100010
20 17 1100001100000001000001100000
16 20 11100010110100000100010110010
3 13 1001011100101000000001111010
13 1 101000100100010001001000110001
13 14 111001110100100001000101010000
1 7 1100001111101101000000001110010
18 19 1111000110101000000000000010011
1 17 1000010111001100000000111000
8 19 1101011111101000011000000000000
15 16 1101011100111100000010100100000
