10011010101011000000000000001
11000000101000000000000101010
11000000101000000000000101010
11110010000101001000001100001
11110010000101001000001100001
111101110000001011000001111001
1111100110000101011000100000001
1111100110000101011000100000001
1111101110110111110010001011011
1111101110110111110010001011011
1111101110110111110010001011011
1111111110101000110110100000011
1111111110101000110110100000011
1111111111100111100000101000001
1111111111100111100000101000001
1111111111100111110011010100010
1111111111100111110011010100010
1111111111100111110011010100010
1111111111111110111111010010010
1111111111111110111111010010010
1111111111111111010111111000000
1111111111111110111111010010010
1111111111111110111111010010010
1111111111111110111111010010010
1111111111111110111111010010010
1111111111111110111111010010010
1111111111111111101010111001010
1111111111111111110010100111011
1111111111111111110010100111011
1111111111111111011111101001010
1111111111111111011111101001010
1111111111111111100011100001010
1111111111111111100100110000011
1111111111111111100110101111010
1111111111111111100110101111010
1111111111111111100110101111010
1111111111111111100110101111010
1111111111111111101111101001001
1111111111111111111001110111001
1111111111111111111000110101001
1111111111111111111101100000000
1111111111111111110101100100011
1111111111111111111111011001011
1111111111111101111001111110010
1111111111111101111010010000010
1111111111111111111111010100010
1111111111111111101110101000001
1111111111111111101110101000001
1111111111111111101110101000001
1111111111111110101110100001011
