10011000001100010010101010011001
10111000001000001010110010001010
10111000001000001010110010001010
10111000001000001010110010001010
10111010010000101000110001000001
10111010010000101000110001000001
11111010110001100000000000010011
11111010111011101001110010100010
11111010111011101001110010100010
11111010111101101010100000001010
11111010111101100001100000110001
11111010111111000110010000100001
11111010111111000110010000100001
11111010111110100010001001101010
11111010111111101010010010010000
11111010111111101010010010010000
11111010111111101010010010010000
11111010111111101010010010010000
11111010111111101010010010010000
11111010111111101010010010010000
11111110111111101011111110100010
11111110111111101011111110100010
11111110111111101011111110100010
11111110111111111110011000011000
11111110111111111110011000011000
11111110111111111110011000011000
11111110111111111110011000011000
11111110111111111110011010010010
11111110111111111110011010010010
11111110111111111111000100101101
11111110111111111110001101001110
11111110111111111110001101001110
11111110111111111101011101100000
11111110111111111111000111011100
11111110111111111101000010100111
11111110111111111101000010100111
11111110111111111101000010100111
11111110111111111101000010100111
11111110111111111101011100011011
11111110111111111100111100101000
11111110111111111100100011010111
11111110111111111101100110110000
11111110111111111101110010000000
11111110111111110111110100011101
11111110111111111111101000111011
11111111111111111111110000001001
11111111111111111111110000001001
11111111111111111011101000111001
11111111111111111111010100101110
11111111111111111111010100101110
