20 50
9 4 10011000001100010010101010011001
15 4 100000000100011000011000010011
6 2 10110010010010100000111001000000
10 15 111000011010001000111000010000
18 10 110000011000000000110000010001
20 8 110000011000100001011001001010
5 19 1001000100011000000111001010011
17 4 1000001000000001111010110000
4 18 10110000000000000000001000000001
9 15 10000011010010000111010010001
10 4 10000011011100000011000000001
13 1 110000010000000100011011010000
14 11 111000111110000001101101010001
6 2 11111000001000000000101101010001
19 18 100000001000000000101000000000
12 12 111000010001000010111000010001
19 16 10100000000110100000011000010011
12 9 10010000010000000000111101001001
17 17 110000101010000000111000010011
15 7 110000110010000000111011000001
19 13 101100011000100001001010010001
13 18 11000000000000000011000010001
8 20 10110000111100100000000000000001
11 5 10111000000000010010110001011011
3 8 10110000100001000010011000010111
14 10 1110000101000010001101000011010
2 2 10000011010010000111001000001
9 13 101000010000000000111000000100
8 1 111000110000000010011011010011
14 13 11110000010000000000111000000111
16 5 110000111010000011011000011001
18 11 10000001010101000010011
11 5 100000010000010000011000010110
5 16 101010011000101001111000010011
14 18 10000010000011000001000010000
3 7 10110000111000010010101000010000
14 14 10110110001010000110010101010011
13 13 10110000001110010010101110010001
10 13 110000111011000000111000000001
5 4 111010100000000000001000011001
17 8 10000110010000000011000010001
2 13 11000011000010001111000010100
9 13 111000010010000000011000010011
5 14 111000100000000000011001010011
9 4 110000100001110010000100010001
14 1 10110001011000001000111001010011
20 9 110000111000000001110000000001
3 6 101000111010001011101000010000
7 19 110000001110110011111000010001
4 16 11100000110100000000010010000001
