1000001001000100001000000011000010101000101000101000000100000100000000000110011011001000101110000100
1010001011010100001100000000100001101010000000001100000000100010011000001010011100000101101110011010
1010010000110110100010000010000001010000000100000000000000000000000001001011100110101000101010011100
1010011011110110001110000001101011100000000111000100101110100101000001000000011110101001100110011010
1110011011010001101000000001110010110000101010001110101010100011000000001001111100011001100111011110
1110011011100111101010010010110000111001001000101011100100100011001001000101111010111101100111001000
1110011011111110000010010000101111010001101110100111001000010010100100100100111000000001000010101010
1110011011111110000010010000101111010001101110100111001000010010100100100100111000000001000010101010
1110011011111110000010010000101111010001101110100111001000010010100100100100111000000001000010101010
1110011011111110000010010000101111010001101110100111001000010010100100100100111000000001000010101010
1110011011111110101010010011011111000001110011100111101011010101111111101010101010001001100101110110
1110011011111110101010010011011111000001110011100111101011010101111111101010101010001001100101110110
1110111011111110110000000010100000010101001100001000011000000101100101101110010111011011111000110000
1110111111111101110110010010111100010011000111000110001000110010100111100101011000101010101110110010
1110111111111101110110010010111100010011000111000110001000110010100111100101011000101010101110110010
1110111111111101111110000010000011011101111011101100000011110011100101101001000010111101010001011110
1110111111111101111110000011101001000111100001001000100111010111101110101011111110010001011100011011
1110111111111101111110000011101001000111100001001000100111010111101110101011111110010001011100011011
1110111111111101111111010011001000000010010110101111010010010010000000010101101001111011101110101011
1110111111111101111111010011001000000010010110101111010010010010000000010101101001111011101110101011
1110111111111101111111010011001000000010010110101111010010010010000000010101101001111011101110101011
1110111111111101111111011001001011110101100110100100100000010100010010001001000110001100011110010100
1110111111111101111111101001000100100101010111101110110000110100111101100001100101010001110010011011
1110111111111111111111111001000001010000110111101111010011110110100111110011100101100011100111001100
1110111111111111111111111001100100010111011000000110000010110000110001100101000111001110010101010101
1110111111111111111111111001100100010111011000000110000010110000110001100101000111001110010101010101
1110111111111111111111111001100100010111011000000110000010110000110001100101000111001110010101010101
1110111111111111111111111001110101001111101011000000000101100011000110010111011000000000011100000011
1110111111111111111111111011110110000010101011100000101101001011110101010110011111101001010101110100
1110111111111111111111111011111100111000010000000010100111111000110011100110011011101001000110010101
1110111111111111111111111011111111011111010010001101111110100000010010011110010011011010101101000000
1110111111111111111111111011111111011111010010001101111110100000010010011110010011011010101101000000
1110111111111111111111111011111111011111010010001101111110100000010010011110010011011010101101000000
1110111111111111111111111011111111011111010010001101111110100000010010011110010011011010101101000000
1110111111111111111111111011111111111110101111101101101001101001101010110000000000101110101011100001
1111111111111111111111111011111111110101110101000001110110001110011110111001011101000110101111100000
1111111111111111111111111011111111110111110011000100101100010001111100000111100010001111011111010100
1111111111111111111111111011111111111111100000100001010100101100001011001000011101110110111011111111
1111111111111111111111111011111111111111100000100001010100101100001011001000011101110110111011111111
1111111111111111111111111011111111111111100011000010001001100011001110001100001111001011011000101000
1111111111111111111111111011111111111111100110100101100000010011110011101100000010111000010001110101
1111111111111111111111111011111111111111100110100101100000010011110011101100000010111000010001110101
1111111111111111111111111011111111111111111111100001010010000111111001000100100011001111001010001011
1111111111111111111111111011111111111111111111100001010010000111111001000100100011001111001010001011
1111111111111111111111111011111111111111111111100001010010000111111001000100100011001111001010001011
1111111111111111111111111011111111111111111111100001010010000111111001000100100011001111001010001011
1111111111111111111111111011111111111111111111100111011011100001101111110111010001100000101011011010
1111111111111111111111111011111111111111111111100111011011100001101111110111010001100000101011011010
1111111111111111111111111011111111111111111111101110111101000100000001101101010011001010110000010101
1111111111111111111111111011111111111111111111101111100010010110110010111010011110011111110001101100
1111111111111111111111111011111111111111111111101111110010000000000000001101001010100010101101001110
1111111111111111111111111011111111111111111111101111110101110101011001011010010000000110111100100000
1111111111111111111111111011111111111111111111101111110101110101011001011010010000000110111100100000
1111111111111111111111111011111111111111111111101111111101111110100011010100111011111101000111110101
1111111111111111111111111011111111111111111111101111111101111110100011010100111011111101000111110101
1111111111111111111111111011111111111111111111101111111111101000000101100110011000001010011110000011
1111111111111111111111111011111111111111111111101111111111111000110111101011010100101111111011110010
1111111111111111111111111011111111111111111111101111111111111110111100101110111000110000100110010011
1111111111111111111111111011111111111111111111101111111111111110111100101110111000110000100110010011
1111111111111111111111111011111111111111111111101111111111111110111100101110111000110000100110010011
1111111111111111111111111011111111111111111111101111111111111110111100101110111000110000100110010011
1111111111111111111111111011111111111111111111101111111111111110111100101110111000110000100110010011
1111111111111111111111111011111111111111111111101111111111111111110010101000010101001011001101000100
1111111111111111111111111011111111111111111111101111111111111111110100101000000111101011000001011010
1111111111111111111111111011111111111111111111101111111111111111111110001011110110101001111110000010
1111111111111111111111111011111111111111111111101111111111111111111110001011110110101001111110000010
1111111111111111111111111011111111111111111111101111111111111111111110001011110110101001111110000010
1111111111111111111111111011111111111111111111101111111111111111111110001011110110101001111110000010
1111111111111111111111111011111111111111111111101111111111111111111110101100010001001110110010100110
1111111111111111111111111011111111111111111111101111111111111111111110111111111010010100011011111101
1111111111111111111111111011111111111111111111101111111111111111111110111111111010010100011011111101
1111111111111111111111111011111111111111111111101111111111111111111110111111111010010100011011111101
1111111111111111111111111011111111111111111111101111111111111111111110111111111010010100011011111101
1111111111111111111111111011111111111111111111101111111111111111111111111111111110011010001010110101
1111111111111111111111111011111111111111111111101111111111111111111111111111111110011010001010110101
1111111111111111111111111011111111111111111111101111111111111111111111111111111111000110011101110001
1111111111111111111111111011111111111111111111101111111111111111111111111111111111000110011101110001
1111111111111111111111111011111111111111111111101111111111111111111111111111111111000110011101110001
1111111111111111111111111011111111111111111111101111111111111111111111111111111111010100100011001000
1111111111111111111111111011111111111111111111101111111111111111111111111111111111010100100011001000
1111111111111111111111111011111111111111111111101111111111111111111111111111111111010111010101111101
1111111111111111111111111011111111111111111111101111111111111111111111111111111111110111011000101110
1111111111111111111111111011111111111111111111101111111111111111111111111111111111110111011000101110
1111111111111111111111111011111111111111111111101111111111111111111111111111111111111111011011110010
1111111111111111111111111011111111111111111111101111111111111111111111111111111111111111110111110110
1111111111111111111111111011111111111111111111101111111111111111111111111111111111111111111101001011
1111111111111111111111111111111111111111111111101111111111111111111111111111111111111111101000001000
1111111111111111111111111111111111111111111111101111111111111111111111111111111111111111111010000001
1111111111111111111111111111111111111111111111101111111111111111111111111111111111111111111010000001
1111111111111111111111111111111111111111111111101111111111111111111111111111111111111111111010000001
1111111111111111111111111111111111111111111111101111111111111111111111111111111111111111111010000001
1111111111111111111111111111111111111111111111101111111111111111111111111111111111111111111110001100
1111111111111111111111111111111111111111111111101111111111111111111111111111111111111111111110001100
1111111111111111111111111111111111111111111111101111111111111111111111111111111111111111111110011000
1111111111111111111111111111111111111111111111101111111111111111111111111111111111111111111110011001
1111111111111111111111111111111111111111111111111111111111111111111111111111111111111111111111011011
1111111111111111111111111111111111111111111111111111111111111111111111111111111111111111111111011111
1111111111111111111111111111111111111111111111111111111111111111111111111111111111111111111111111101
1111111111111111111111111111111111111111111111111111111111111111111111111111111111111111111111111101
1111111111111111111111111111111111111111111111111111111111111111111111111111111111111111111111111111
