200 100
148 55 1000001001000100001000000011000010101000101000101000000100000100000000000110011011001000101110000100
29 30 1010001011010100001100000000100001101010000000001100000000100010011000001010011100000101101110011010
185 121 10011001110010101010000001000011111000101100101000000100000100000001001101111101100000000100011000
196 35 10001001010000101000000000001001110010101011100000101010000011011000000111111111001100001100011000
21 45 110011001010101001100000001011010101000000001100010000000000010000000000100011111010000000101011100
88 153 1000011001010000001000010001001010101011001101000101100100000011010000000000011111000000100110010010
49 182 1100011001011000000100000000001110011010100100100110000010110100110101100100111001101000000010100010
198 31 110001011000000101100000000001011110000111011100001001011010011001010000010111001001000100101010000
157 152 110001000011100000001000001111000000000000100001010111111110011010011010100111101001001001110011011
90 199 100001011000000000100010000101111100110100100000000101100000011010000000101001011001110010111011100
160 174 100001001010000000000000000011000100010001110000101101100110010001001000000101100001101000010010010
119 151 1010011001010101001100010001000010101000100011001100101100010011000000000000110110000010100010011101
139 120 1100101001010000011010010001001010110000101001000000010010010010011000000000011001001010000100010011
52 60 1000001101100000000000000000000010101000101001101000010010010011010011001010000101000110100010011000
117 75 11001010000001100000001000010011001111100101010100110010000010000000000101011000001000101010000
142 83 1000001001010000001100010000011010011000111001000100000100000001000000001100100011011100100010111010
97 54 100011011010001001100010000001011000000100010001110100000000101010011000000011100100101000100111001
33 102 1010011000011000101010000001111010101000100001101100101100110011000010001000011110000010001111010000
154 16 10001000000000101000000000001010011010101010001000000100000010000001000110111100000000001100010101
200 65 1010101001010000001100000001000010111010001010101000001001100000010000000101111100001011000100011000
178 193 1010001001010001100100010001011010100010101001001000101000000010010000000000000011000000000100011000
98 134 1000011001010000101000001001101100011000000110000000011010100111010000011100000100000100000011011000
58 165 110011011011100001100110001000010101010010010000000110100100010000000000000001011000010001011100011
86 91 100011100000001001101010001001010010010001000000000101110100110010000000100000101000110000010000100
96 9 1001011000100101000011000010011011111000001100101001100101000100000000010001000110001100010010
132 104 1000001001000000001000000001101110111010001001101100101000110010110001011011010000010100110001001000
189 53 1000001000110000001000010001000010100010001101000110100010100100010000000101111010000010100110011010
175 22 10000001100010000000110000001100000000100001100110011000000000010001001000000101100010111
168 68 100101001011000000000010001001010101001111100000100000110101110000011000100110110101100100011010010
123 71 10011101010010101101010001000110001010000110001111101000000011010001001100010110001000000111011100
184 50 110001011010100001100000010101010101000001010000000000100110011010011001000011011011101011101111010
41 167 110011000010000001010000001001010111010100001101100000100000010010000000000100101000001001000001100
10 126 10111000010000000110001101010100010100100000100001000100111000001000000111001010101001011100011
77 147 1001010010100000010001000010100101101001100101101010110000010000000100110101101100000110010110
38 72 1100010001110001100000000000000010011010000000001100100000110011010010000000010101001110000100011000
161 2 1101001000000100000100000001011110001011101001001100101010011010001001000110001101000000000110011100
17 3 1110001000011000001100000001101010111000101000001000001100100010011001000100011111000010001110010110
171 197 11010010000101000010001011010011000101000001001101100011111000000000000110010001000101110011100
133 137 1100000000000000101000010001001010000000000001100100111000110011010100001000100010000000011101011000
146 179 10111001010000101010010001000010100000000101100100101000111010010010001101011011000100101010010000
36 190 10110001010000000000000001101110101001001000001000001100000001000011000100001101001100100110111000
108 107 11101010100100000000000000010011001000010000001100000000100000000101100011100000111000101000110
43 124 1000011001010000000000000001101110100010101101000000101010110110011010000100011000000100001100011110
84 191 1000010011000000001000010000111111101010001011100001001010100001010001001000001001000100001010010010
163 116 1000000001010000101100000001100011100000001001000000110100110010010001000100111001000001000101010000
103 56 1001000001100010000011110000000001010000000110000010100000001000000100011000010000100001100
149 47 1000001001010000100100010000010010111000011100000000011001110010001000010100101011000000101101001110
87 6 10001000011000101101000000100100001010000111000100000000100010010001001000010001001100000110010000
141 110 110101010010000001000000000101010010001100000101011000100000000000001001000011111000000010110010010
46 131 1000001000010000001110000000011100101011001000000110001010000101000000100000000101000000000110011000
106 61 100011000010000000000010000100010101000100100100000101011000111010000001000111010010100000110010010
169 4 1000010001010000001010010001000010101010101001000111101100100011010100000000111111010100101010010111
109 136 100001000010000001100000001111100101010101000001000111000010100000010000000111001000100101001111000
78 95 110010010000101111000000000110101010100000101100001000100010000000000000101001000100001100000010
101 26 1000001100100000101000010001011010011010010000000100000100000010001000100000101100001001001110000110
34 118 1000001010010000001000010001011010000010000100100110100000000010010000000000100111000100100110001111
37 70 1110000001011000001100000001000000100010011010000110001000000111011000000001111011011000000001101010
11 150 1000111000110001001000000001001010010011011000000100101100110000000101001000001101001000100100110000
114 172 1000001011010000100000000000000000001000001001100000111100000111010000001001110000000100100100010110
64 13 1010101011110000100100100001101011111010101100000100101101100010010000010100000011100010001100000010
194 164 11001010000101100010000010110101010111000100000111010010011001000000100111001001010000110011010
145 24 110101001010001100100000000101000110000001100001000000000001010010000100110010010000000000100011110
130 122 1100001000010000001100000001001010001011101100100100101110000110000000000111010111001000101100011001
186 143 100001011010000000000000001111110001000001000000101101000000100000000001100011000000000111000011100
48 39 100011001010000101100110001101010101010111101101100001100101010000000101000011100000100001010001001
180 115 100010001000000001010010000000110000000101101101011001010000000101001001000110110000010001010011010
92 74 100011000110001000000010001111110011001001010101000010100100000010000001010001010001001001110011001
82 112 1000011001010100000000010000001000101010000000001100001000100010000000010000011011001110000101011110
181 135 110010000010000011000000001011000111001000000001101011000000010000001001000011001000100000111111110
69 129 1000001001100000100000000000110110101000011001000010101001010011010011000000101101011100000001010000
140 173 1000010011010000000100010001101110101000101000001100100110010000010000000000111001001000111110010000
162 32 1000101001010000101000000001101010010110000000001010010100110001010011010000010001001000010110001010
94 18 100001001010000001110010001001010101010001000101100000100010100010010000010111010000110010000111110
27 158 1000011001010000100100000001001100110010000000100110110100010000000000101000011011001100000101001100
111 79 100000001010001000010000000101010111000001011000100101110110111010000000000111001000100000110000010
12 8 1100011001010000101100010001011010011000100000000100101000000111000011000000011001001111101100011000
125 177 100001001110000000000000001001010001010000000100100111010010110001000000000101011001110000000010010
62 192 1110000100010000001000010001111010101000100100101010100000101010011000000100101101000000001001011100
127 113 110001000010000100100000001001010110000000000101000001100100010010011010010111100000000000100011100
76 51 1010001001000000001100000001001010000010100011100100101000000010010010000000111011100000000100011110
1 7 110001001101000000110010001001010001001010000001110101000010000010000000100011011000100010100000010
66 183 11001010001000001110001000110101001010000001100100000010010000010000000101111001101100101010001
5 59 100011001010000000000010001100010101010011000100100111000010000010000001110011110100000000100010001
23 187 1100011011010001001100010001000101001000100001001000011100110110011000011100111110001010000100010010
170 14 100001001010000001100010001001010001010001001000100010010000011000000000100011001000100010101000000
144 105 1100010111010000101000010001000000101000000100000000110010110011110010001101001101000001000100001010
67 44 1100001011010000001100000101001110100010000000100100001000000011010001000000111111000100000101011100
20 40 10011000010100001100010000001010100000100101000010110110010010011000100110110011001100001110011010
42 19 1110101101110000101100010000001110001000101011000100100000100101100010000000011001001110000100000111
81 176 1000011001010001000100000000011110101000101110000000100000110010000001000001001111001000100000001110
63 15 1001001000000000000001011010110001110001100100100100011011000000000000110001000000000010011000
25 57 1001010100101100010001001010111010001011000100101010100110000010001000101001001000100111011010
159 73 1001011000000010000001001010111000100011000100101110100010010001001000111101000100000100011001
188 99 1100001000010000101000110000101010101010100001000000100000100010000001000000110110001000000110010010
85 195 1111000000001001101000000001011010001001001000000000100100000101000010000000100001001100001010010110
80 155 1010001011000000001100000001001000101010001000011000000000110011010000000000110011111000110100010100
128 89 10001011010000001100010001010010000010000001100000001100100010000011001010110001000000101100010100
156 28 1001011010000100000000000010010001010101001101001011110100001010000001000100000001110101101011000
93 138 10001000010100110100010001010010100010000001001000001100010110000001000000101001001000010101011100
100 166 1100001111000000100100010000100110100000000001100100100000010010010001101100111111000101011110011110
