100 200
66 49 10100101101001001110111110001111010110100001100010011100001000101001101001010100010111010110001001001000100100000111101010101110111110101110011110001100111100101010100101111110011001001000000111111100100110110001111000010101101100110111010000011000000101000110010011000001100111000100000111000000100
2 37 100110100100100101111101100001110011001011000111100011101101101000111101001110001100111100110011100011000000100100111100010010111100001001110111100011111111111101111101100111000111000000000000111101110000010111001000000010101111100111110101101111001100110000100011000001011100111001100001010000010000
74 70 11100110101100101100101101011011011011111000100100011101111001110110101011110001110101100000001001110100110001100011110010010010110111001010011010001101100100101010101100111000110000101000000111100110100011101101100100010101111100111101000111011000001110000100111000101011101011101011000111100100000
89 51 111110101101110101100101100101001011011111000100000011100101010101101101101110001110111110010001001101001110100011011101001010010110111101110011110010100101101111010111100111000011001001001010100110100110010111011000000101101111100010101110110010000001000000001010011101001100111011001000111000010100
40 90 111101100111000001010101100011001010001111000101110011100101101110101001000110111110111001010011011001011111001100101100001010111111010001110111100001110111111101010100100110000101001100001011001110100100010101111010001010101101100111011111111010000101010001110111000100011110010011011100110101011000
5 25 101100101001000000001100110100101010100011001110010011011010000100111101101110001110110011000011001001001010100100111100000100111101100001110110010001100110111110011010101111101111000010010000111010100100000111010010000000100110001110110110011011000101101000110011000101001101011001100001111000010000
47 83 101111100001101001111100100010101010101111000010110011100110001110101101000110001110001111000011001000101110101100011101001001111101011000100111110011100101011100011001010111100111001011111000100100100000010111100000100010100111100111001011010010000001100000110000000110011100011000111100110100100000
10 88 10110101101001001110010101000101010111011001100011011100110011000110101101010001110101000010011011001001110101100011101000101000111001101111111000111101100111111010001100111000010000001101000101000110100011111010100000000100111000110110110010011000110100000101010001100011100111011110000010000110000
58 4 101101111101110111110000000010110011001010010000101101100101101101000110011110111000000011001000101110000111011101011011110110010011111111110010100111001111110001110110011010000100100010101100110100010111011000010101100111100111100100111110000000100000110011010001011100111000110000111000010001
87 74 111100101101000001110111100100011101000011001110010011100110001100001101000110001010111110010010011001000100101000001100011100011110110101111011010010100101100101010010100111100011001001001000101111110100110110001000001100100111100111101110011110000001110000110011101000001100110001000001110000110000
4 74 111111101000101101110100100001010011011000001010111000011101100101101000110010010111100010111000000000111000101011101011000010111100001110111011011110101110111110001011011000111001001001010111100100100100111000000110111101111000011101100111011001111001000011100001101001100111010000000111001010000
42 52 11100111100111111110100100000001011111001000100110001100010011111101111001010101100111000010001011100001010111101111111111010111111011100011110101011110111011100010001000111100011001001011001100100110000001100001010000001100111110110101010011011000100000001110000011111001101011000100001000100000100
75 100 1100000001000001010111100000001010101101001101100001100110100101111101000110011010111100000011001000101010100100111100110110111111001001110101100011100111110101000001000011000110000101100000001100110100011111011100000100010111100110100111001011000101110000110100110011111110011001101111111000000000
7 5 11110110100001101110101110000001011001111000110110011101011100100101101000110001110001101010011001101101010001100011111010010101111111001110111000111100011101110110000000100010111001001010000100100100100111100011010001110100101100011101110010011000000011001110110101100001100111001000000110000010100
95 38 100100111000000101110111100010011110010101001010010111100111101110101101101110101110011000100011001001100110101100011110010110110110111100110011110001100011011110010011101110011000000001000000111110110100011111111000000000100111100111010110111111000010010000111111000101001100011001000000011000000000
36 82 101000110101001101110110100100100010011111000100110101101101000111101101111110000110111000001011001000000111001101011100011011010101111000111111110011101111001101010010100110100111001000101100010100110000100110011000100000101111100011110000100011010111111001110011000001011100000111100000111100100000
10 96 110000100001001101111101100011100010110111001100010011100101001000001101101110001010111100010000000000001010000100011110010001011101011101111110110011100101011110011001111010001011001001001001100101100100011111111100110100001100101111110100100010000101001000100011010100011110111001000010111100100000
44 99 101000101000100101000111100000000011011001011111010011100001010101111001111110001100111100001111011001000011100000011111001101010110110000101011111011100111010110011000001111000111001010001010111110100110100111011000101110100111100110110110110111000100100101110100101101011000011000110100011000001101
67 94 101000100101000101011100100001001011111011000110100011100101100100101101001110011110100100000001000001000111100101011111011110110110101101010111110001100111101101011011110011000011001000111000110100110100010111111000111000111111100111111110011110000110100101110111010001011100100111100011111100111000
55 34 101110100101100101100100100100000011101101010000100011100101001001111101111010001100100000000001010001001010101100011100011010000110100100111111100011110111011100011011111110111111000001011001111100100000100111011000000101101111100101101110001111000011110000100010000101011001110000010000111100000000
5 19 10100101111001001100111100101101010101101001000010011100111000100101101100010001110111100000001010001011010000110011100011011010101000001111110100011111101110110011111000111110010001100111010100110100100110111010100011110000111100100001110111111000110001000111011010111011100011000100001110001010001
50 13 111110101011010000110101100000100010111101100101010001000111000100101101000110000010111101000011111011000011001111011101011010010101111101111011110011101101101101000100000110100100001000011000101110110000011011001000100010111111100111100110011010000101110000110010100001011100111000100001010100000000
35 13 101100111100000101110100011110011010001111101001110011100110000001110101000010001110111101110011010100001111000000011111110011010111101100110111110001110111101110110001000110100111001100100000111111110100110110010110000001100101010111111110110111000001100000010000110100111100110001011001101100010000
66 67 111100101101001001100100100010101010101101010001010011100010001100101101001110011110101001100011001001000010001101011111011001100111001100111010111011101111111111110111101111000100001100011000111111110010100111100000000001101111000110110110011011000100011000111010100101001101111111000010110000100001
64 17 101100100001100001101101101100001011101101001100110111110101101110111001000110001110110101010001000001101011001101011111010011010110111000111111001011100111110010010110100110000111000001001001111100110100110111001110010011100101100100011110011111000111100000111011101001011000100011100100010100010100
32 31 111100100000100101110110100100010010111001000100010011101011101100111101001110101110111010000011001001001000100100011100010101010100011101110111100011101111101110111100110110010111001100010000001110110100001111011100000011110101100110010111011110000000110001011000000000011100111101001000111000001100
90 29 1100110100110001110111100110001011111101000100000011100100000010101101001110001100111000000011010101001010111100111110110010111100111001010111111011101111101101010001100110010110001001001010101100000100110111011000000011101111101111111010101111000101100000110000100100001100111000101001111000010000
36 23 100101101100001110001110100011010100111010110011111000111110100101101000110100110101100001001000000000010101100111100001100010110101101110011110011100111100101010000100111100111000000000001100100111010111011000010010100100111100110101110001010000000101001110101100000011100111000100000111100000000
17 47 101110101101110101110101100101000011100010000110100011010111100011101101011110000100111100000001011001100010100011111100010101110100101001001111110011101111101011110001100100000011001001010000001000110100001011011001010010101111100111111100011011000111110000011011000000001100011001000000110001100101
51 45 101111100101100101001101100100001011011101001010110101000011100001101101000011111110011101100000001001101111110100011100010000110111111101110011001011100101100111010101100111000111001000111000010110100100001010101010000010001101000011111110110110000001001001110011000100011100011000000000110000110000
20 50 10010100101101101110110100010000010000011000110110011100111000101111101001110101100111000011011101001001111111100011100111011111110001101101111010111100101011110001111100110101111000000100001111110110000100111101110000010101111100111110000011110000101101001101011111101011100011101000000111001110000
23 49 110110101001000101110100100100001011010101001111010101100011000101101101101110001110101110000011010001001111101101111101010000100110001100010111110111100111111111011010100111010011000011101010101111110100110111001010011000111110100111100110010111000011000000110011010000111100001000110010111100000000
57 18 100100101011101011110110100100010101011000000010111100011011101111111000110011010111101010011011101000111000110011100110000110101101001010111000011101111101110010111101010100000011000011011111101100000010111011000001010101111010111100100111001000100101000110011000000011100111000100000111100111001
44 20 101110101100101101101110100100001000011111000110110011000110100000111101001110001100101111000010000001001000001101111100001001111111011101110111010010100111111111010001100110000111001011010001111000100000010111111101010101101111100111100110110111000000111001110000010010001100001010111100111001101001
30 91 111110100101101001010011000100011011001001000011100101100011001100110101000110101110101011000011001110101010000101111101010001111111111001110111011011111111100100010011100110000111001101010011101111100100101110011100000110101101100110101110111011000001101101110010011110001101111001001001111000101000
64 1 100100100001000101110101100010001011101101011100110001100111000101001101000010001110111000000011011000100011000100011100011011111101001101110001000111101111101101000100101110000001001111001001101101101101100111011000001011101111100010101111111110000101111000110000001100011100111010000001011000010001
36 53 111000111001101101110110000100001011010101000100101001101001100101111101011110001110111000010001011011001010101100011110011011100111110101110111111001100111011111010001110110101011001001010000011100110000111111101100100000111111101111111110011110001100100000110011110101001101111011010000110001100000
78 73 110100100001000001110000100111000010111101011101110001100111110001101101010110010010101100001001011000000100111101011111001001111110110000101101110111100001011010110101100100010100001001110000101110110000111111111000111010100101100010110110101011000101100000101110010001000100010000101100110000010000
85 70 111100110101101001100001000010011010111111000101011101100011001000111101101110011110111101011001010001001111101100111101110111111101000101010011000111100111100101010011100111000010000011110011110101111100101000111010000011101110100111000100101110000001001000000001010000011100111011100001111000000100
80 98 110100101000010101010101000100111011101011000101001011000111110100101100000010001110110100011001001000000001100100001110010011110110101100100111100011100110011101010010101110000010001111101010110101110010110111010100001011101101100111100010110111000001110001100111011100001100011011100000111000010000
20 49 101100111101001001111101100100111011001011000010110001110010000000101101011110001000111000001010001001000010101100011101110010110100010101010101000011101110111101010001101101110111001001010001110101110100010111011000111011101111100011110110101000000100110110100001010100011100011110011000111000011001
7 77 110100101101101101110111101101001011111011000010100001010110000001101001100110010110111100001001000000001111100100011010010001010111101100110011111011100111001101011111100110000111001000011000101100110100010111011000001010101111100111110110111011000000000000110001010000011100111000011100110000110100
35 92 101100111000010001110101001001001001101011000111110001101010001100111101001010000110111011011001000000001000101101111110001110001100111100101110100011100100101101011101000010010001000100000011011100110100010111001000100000101011100111111110110011000101110101110010110001001100111000100000111001111000
67 42 110110100001110001101010101001001011101111010111110111101101100100111101111011001110111111100000110000001110101100011101111001100101101001001110110011100111101000011011100110010111000101011011101100110100100110011101000011101111100110001110101011000100110000110111000101111100111000111000100100010000
6 75 111110101001101101100001000111111011100111000111000111100100000000111101101010011010101100001001001001000111011100011110010001110100110101011011011011100111111111011001101111100110001011101010111110100100000111010000000100100111000110110110110011000101110000100000110101011100110001010100111001101000
22 41 101101100111100101110101100000001010011000000110011001100001000101001001001010001110111001010001001101001000100100011100010011101111011000110011100011100111001101011001100110000011001011010010010110110100010011101000010000010111110111100000111110000100100000100010010101101100111010101000111001000100
31 26 10010111101000001111100100100001010111011000000010011100011101110111101011110001110111101000001110000000000100000011110011001111111101100011111110001100111111101110000010110001111011011000000111110110100111011011010001110101111010110101111111111001101001000010001010100001100011000100000111000000001
32 93 111111100101010101101101000101001010101111001100110011000011000010111101001010001100111101110011010001001110000101111101000001010110010101111110100111100111100110111111110110000001100101001000111100110000011110001100000110111110100010101111011011001101000000100001101100001000111010110101011100010000
69 49 101100110001101101000101001000001011011011100001010001000111010100101101001110001100101100010101001000001110001101001110011000011111100110111111110111101111010111010011000111000010001110010010011110100100000111101100000011100111110111111100101010000101110000100000000001011100111000111000111000110000
71 86 100100101111101001111111100101000010111101001000010011101001100101101101001110011000101011001010101010001100111100011101010100110111011101100011010011101101001110011000100011000111011100111001101111100000110110101100101010101110100110010110110111000101010001110000110100011100111011100100111100010000
52 11 100100101011000111100111100100001000001111000110110011100111000100011101001010001110110101000001011001101001101100011110010101010111101001010110110111100101111001110110000111100011001100001101101110100100001110001000001000101111100111110011111011000000000000110001110100011100111000100100010100001000
46 9 101110101001101101100111100100001011010111000101000011100111101100101101000110000100111101000001001001001011100111011100001111110110100001110011111011100111000101001011000111100110001010011001111100110000100111001100000110101110011110011110101111000001100001100001110101010100011000100000111000100000
46 19 110100100100000001000110110100001010101011000100010101000010011001111001000110001110011001000001001000001100000010011100011100010100010101110101110001111101111111010001101110111010001001010000111111100100110011001100011111101111000111000100111011000000100001110111010101011000011001110000100000000000
92 49 110100110101011001100001100010001010111111010101000011100011001101111011010010001110111000100011001101000101000100001100010010010101101001110111110011100101101111110010100111001101001101001000101100110110111111001010000010101111100001010110100011000000101000110100000001001100111001101001011000000100
49 56 100100101101001101111100100100000010101101000110000011100101100110111101001110011110111100010000001000000101111000011101001011110100000001100111011111101111000111010111111110000010001101101000101100010100110110011011100011101110000111100110001110001100100000110010100101101000111000110001111001011000
76 14 101100100001110101110011000101101011101011001100000001000001000101101001001010001100111100000111011001001100000000011110010010110110000100111111110010101100111101011111010111111011001000011001101100010010010111011000001010101101100111110110111011000110000000101010100101011110011010100100100100100101
74 26 1110100011100101010101101100000010111011001001100001100111000111111101000010001110111101010001010100100010101100011110010111011110101100111010010011101101011111110001100110100010001001000010101110110100100110110100010010100110110110010110101111000101011010110011010000001100111000101100111000100000
64 71 110100101001000001110101100100001010111101110000101001100111101001101001100110010010111010011101001001110011110111011110011011011100111101010111010101100010101101101000000111000011000011001000101100110111110111011100000111101111100100101110111010000101111000100010101001001110111000101001111000010000
58 11 101010111001000001100101100100011110011111001100010101100110000000111101001111001100111001110011011100100010010100111101001011111101110000111001110010100001011111110011101110010010001001011001001101110010010110101000000000110011100111110011010010000000111100101001110101010100110001110000110100000000
85 78 10110101111000101010101110100001011101001000000110011100100101100100111001010010110111100001001001001100011110111011100011111110101111011000111010001101101011101010010100110101110000010101010111100110000010111001100100110100101100111111111110011000001101000101010010100001100010011000001001100100100
8 83 110010101001001101001100100101000010001011000100010001100110101100001001100010111110101000000010000001101110001100011110001010010110111101100111100011100101111101011001100110000010001001111010111111010000100110011100010010100110101110101111010011000101100100111011010101001100011000100000110010000100
23 65 111100101101000001110110100101001110111011000110010101100010101100111101001110001110111100000011001000101110010100011101010011110110111101110011101001100111101111010001111110010011000100001001111011111100010111001010000011101100100110110000100111000001100001110001010001101100101000110100111101010000
16 90 101000101101100101111111100100101010000101011110010011100101001100111101001010011110101100000011001101000111111110011100001001110101101001110011110010101101111111010011110111000110001100010001100100100110110101011111010000101110000111000110011011000100100000100011010100001100111001001000111000010100
16 28 111000100101100100110001100010011010111101000101100011100001000100011101001110100110101010100010001100101111101100111111000110111101011100000110110011101100111101110101000111001110001001001001100110110110100111110010010010101111100111111110011001000100101000110000011101001100011001100100111000010000
68 92 111100100101000001010111000101010011111101000111100111000011001101101101001110101110111011111011001001000111111001011101001010010110101101010000110011101110011101010001000110100111001101100000101110111100000110000010000110100101000010011110010111000001110000111010110101011110010010100000010001010000
67 4 100100101100001100000111111100111010010111000100100111100111100100101101001110101110101101100011011001001110110100011110011000101101101111110111100011100101111101110111100011100001001001001000110111100100000011001011110010101101000011111110110011000000000000110010011110001100010001010100110110010000
44 33 110100110110000001110111100101100010111011000101010111100111000100101101001110001001111001100011001001000011000110011111110001111110111100111011100010100011111111110111100110111111001000111001101100100100111110101000100000101111100101101110010011000101001000110010111101101010011001100010110100010000
67 85 111100101000111101100110000100000011001110010101000011101111000101011101000110001100111100000010000100101110110100111100000101111100101000110111100001101111101111111001100111010101000001001001100110100100110111001000000111100101000110101111010111000000100000110010001101011100110010101000111000110100
61 85 110100101100101001100100100101111010101001000100010011100111000101101101101110101110111100010011101000100110101100011110111111011101101001100111011011101011011110111011100111011011000100010000101110000100110111111110011010101111100111101110101110000001101000111111101101001100011010111100110000010001
84 69 111100100001100101000111101100001111011101000111000001001110100000011101000110101110101101010111000101000111100011001011110010010101010101110101010011101101001101111011100110010110001000011000001101010100110010101110001001100111111011000110111010000001011000100010000111011100011011100001110100110000
20 30 101110101101101100100100100100000010100011000111110011100001010100111101001110001110101000000011011000001111000100011111011110110101101011001111111001100101100101010000100110000101001100011011010101100000000111011100010000101100100111101110111111001110100001110010000101001100111000100101110101010100
39 73 11100111101010001100001000110010010101001101100000111100111110101111101001110000100101100001011001001001100000100111100010011110101000000110111110010111111011100010011000010100111001010001010111100100100110111000000101101101100100110111111111010001100010001110000100001001100110010010100011001000001
78 71 111000110101000001110100101100101011001001000101000011100111101010111101011010011110101100110011000000100110010001011101011001010110111001100111010011101111001111011111100011110011001111101000100111110011011111001000010110100100100010110100000111000000110000111011110000011100110000001000110000110000
16 66 101111100011101111100100101100011011101101001110100111000111110100101101000110001100111100100011001001101001010101011100011010010101001001011111100011100101001111010001100111110011000000111010101100110110000010110100000000110111100010101110110011000001100000110010000101011100011001110100111100110000
75 42 111100101001101101110101101110011010100101101000110100100111000100110101001110001110101101100011000000101101011001011101010110011111001000101111010011111101011110011011110110010110001000000001110111110000011111000100000010101111100111101011111110000001100000111010100101011100111011100001111101100000
97 66 101100101101101100010101000111001010111011000110000001000000000101101101001110001110111100000111001001000110101100001100011111010101000000110111100001101101011111110001100110110100001100011000001101110100000111011000101011101111101110100101001111000101110000111010100000001100011001000100111100110000
65 11 101110101101000001101111100100011010111101011110010001101111000000111101110110000110111101011001010000000011100100111100010100110100101101010111110011101100010111110001100111011110000001000010111101010000011111010010100000110101100100100110011010000001100000100011100001011110110000110100111101110001
59 65 100101111000001011101100111000010111001100010110111000100111001010101000110001110110100011011000000001010100110101101010111011101111000110101101011101110011111110001110110100110001001100011110000100100010111100000010000110111100110101000100011100001101001110011010001011100011010010000111101100000
36 22 110100101101011101111001100000001010100101000100010001101111001101101101011110001110110111001001001001101000110101011100010011110100110101110111100011101101011101011011100110100010001001100000001100100110110111101110000000100110110100110111111011001100100001101010010101001100110000010101011000000001
81 28 110101001100101111011000000001111001101000100110001100011000001111101001010101010111000010011000000001110011100011101011110110100101101010111011001101111100100010110100111000111000001001000101101110100110111111000011010101101100111011001010011100010000011110011111110011100111000000100011000100001
98 60 111110111001101101110100100001001010010111000010000011100011101100101101000110011110111100010011101001000110100110101111001011011101111101111010100011100111011111011001101111100011101001011001101111110000111111011000001011101111101100100011011111000001000001110010000000011100011011110100111101010000
70 87 1110111001111001100101100100010111111111010100010011100111001100101101001110001010010010000010001000001110110000011110100111110101111100100111110011101101011111010101101110100010001001101000110110000100010111101001000010101111000110111010111011000100100000111111110111001100010001010110111001110000
54 38 100101101000001110101100100011111011110100100100101000111100100101101000010001010111001010110001011001100101001011110011101011101111111110010100011100101111100111101111111110010001100111010001110101000000101011001001000110110000011110110110111000000101101111010010101001100111000110101111100111100
66 97 111100101101100001110101100100101011011111010110010101000111001101101101000010001100111000001011001001100111010101111110110010010111010101110111100011101011100111110111101111110000000000011001101110110110010111011001010011101101000111001111010111000001000000110000000001001100111011110100111000000000
51 7 101100111101000111110101100011101011001001001111000001100011101100001101001110001100111110001101001001101101100111011101010000110100101001111011011011100111010101110011100111000010000100100000101100110010010110011000110001101111100111011110011011100101110001110010001100001100010001011000111100100000
95 26 101000100101010101100001100110011010100001000100010001100101101000101101000010000100110100101001000101000100001100011110001010110101100100110111000111101111101111110011101011000110000000101000101110100101100101111100001000011111000010111100110011000101000010110010110010011100111001110000110001110100
12 49 100110100000001101110101100100010011000101000100110111100111011000111101101110001110111000000011101000001110010110011100111010011111111101110101100011100101001010011000010111110111001000000010101110010100000110000000001110101101010100100110001011000100101001110010010001001000110010011100101000010000
71 37 10101101101100101000110011111001010000011100100000011100011110100100101001110101111111000010001000101001000100101001110011000110111000101100111111011101111100111000010100110001110001000010000101110110000010101001000001011100100100111101110100011100001100001110010111101001100011000001000111001000000
36 81 110000111101011101010100100111001010011011001111101001101110100100101101001010110111111101001001000001101110000100011100010011001101110100100111100011100111101100010111100111010111000000010011111100100000001100001000000001100101100011101110011111000000100000110010010101111100011100101101011010100000
58 12 111011101101111101110000100000010010001001000000110001001111000001001101001010000110111100010111011001101110100100011010001110110111111001111011111011100110011010011001110011010110001001101010001101110010010101111100000110101101001110111110110101000000110001110111100101001100110001100000110001010110
6 1 100101101001111101100100101010000111000100010111100111101101101101001010111110111101001011011000001010101100011110011010110110001100110011101011100101001111000110100111000111000101001000011110100100011100001000111010110111100111101000111011000011011001000110010101001100011001111000111100000000
27 86 101100110101011101100101101100011011101011000011101001100000000111101101000010010010111110001011001001001110000110111100010010111101101101110011100111101011010011110001100110011110000011011011111110100100000111001000100011101111100111010110110011000111000001011011000101001100111010100001011000110001
28 36 111110111101011100111101100111000010001001001100110011000110100101001101001110001110101001001011011100101110000100011100000111110101001101011111010011100110001011111110000111010111001100001000011110110000010110101100000000110111100111100010100111000000011000110001011101011100111010110000110000100000
40 6 1000101101000101001000100110100011001001100000010011100101000111011100000010111110111101011001001000100000000100111101011000110111010100101111110011100111101111010111000111000111100000111000111110010100000110001010001000101101000111111111010001000100110000110010001101001000011011100000110100010100
66 10 11101100101111001110100000100001010000101000100101011100111110000101101000111001111111000001000001101000011101100011110010010011110001001110011110011101111011111011000000111010110001000011000011110110100100101101000100001101111100101111110000111000101110001111111001100001100111001000000111100010000
17 41 100000110001101110100100100001011001101100000100101000111001100001101000110010000111000000011000000001100110100001101010000110110010001000111111011100101001110010011110111000110000101001111101110100100100111111100001110000110100000110111111011010000100000100011110110011101010010001000111100110000
81 75 10100101101110101000101110100001010101001100101010011100011001100101001100010001110101000001001010001000010101001111101010000110111101101101010000011100111111101011010111011010010001001000001101110000000010110010000000010101110100110101110000111001101100000110010010001001100111001100001011000001100
7 86 110100100100010001111001100100001011001101000000010001100111000101111101101010001110111100001010101101101010100010101100011001111101011101010101010011100001111110010101100110100001101011011010101110100110001110001010100100100111101111110110001001000111010000110010000101011100111101111000111001000000
50 60 101100101000100001110001100100001011011110000111000111100001111100101101111010011110111011111011010000001100100010011110100001010100110000100011111011100111101111110111100110000110010000001001101111110110110101001011011000101111000110111110011111000101111101110000000001010000111101000000010001101100
16 33 101000101001001001010000010100000010111001000000100111000111001001111101100110001100111100001011000101101000001100011110011110110111101101101001110111101111010111010100110111101111001001001000111110110100101111001100000000101100100111110010010011001100111000010110100101001100111000100100110001000000
59 2 111010100101010101110100100010001010001011001110010001000011010100101001000110000110100110101001101001001110100101011101011000011101110101100011110001101111010100011010101111001111001001100011111110100100011111001100001000110110010110101110111011000010101000111000000111011000010000100001111000000000
83 78 10100101100001001110100101100011010011111000000100001000111000011101101101010001110111100010010011001001110010101011100110011011111011001110110110011101111000111110011100110000111001000100010001101110101010111001000100010100101111110101001111001000101100000110010011000011111111011111000111000110001
87 23 111000110001110101110010111100011010110101000010110010100011111100101001010010010100111010001001000101001000101100111110010010010110111101111011100111101011101000010001100111000111001100100000111110010010111111011000011000111111000011011100101011000001100000110001010001001100111000100100110001100000
66 30 100110100110101100000110111011011001101011100110011101011101100111111000110001110111000110011011001001110001110101101011111110111001111100111110011100111011111111010100110110111001000011101110111010110110111100000100010101111100111110110001111000100111101110011000101000100000101000001111001000000
97 46 100100100101101101010100000110001010111001000010000011000011000101111101001110001110001001000111010001100011101101011100000000110110101101100111111011101111111101011111000111000101001001000001100011110110110110110000100010100101110111010110011110000101110000110000110100011100010000000000111001100100
98 71 101100101100000101110100100100101011101001001101000001100011000101101101100110011110111110000010000101100000010110001001100110111110101101011110111111100101011101111001100111100110001001100000101011110110010111001100100010001101101111011110100010000001101000110111000100011110010001011101110000010000
71 81 100111100000101111100000100110011001011010000011001000110011100111111100110001110101111001111101001001010100100011101010000110100100000110111110011101111001111111111100110001011000001110000111000000100101011111001000010101110110111111000000011000000100010111010100001111100011000010101110100110100
60 78 1100100100101001111101100000011011000111000100010111110110011111101111011010001110101110100001001001101101101100011100010100011100101101110110000011101111101001011010100111000111001001000010100110000100001111001000100001101111100111010110111011000110000000110001000001001100111000001100010000000000
13 9 101100100001000001010100100100000010010111100100100001001111111011111101001110001110111000001111011001001110000100011100001110101111101111111111110011100100111101010011100110000110001000011001010100110000110111111000100001101111000111011110111111000101100000111110010101001100111000100100110010110000
24 67 111000111001000101111100100100111010000011000100000011100000001001111101001110101110101100110001001001000010000111011101010111111110001101010011111011101101110100011111110110000011001000011000101111100000010111011000000100101111100110100110001010001000000000110000101101011100011000100001110100010101
10 63 1100110001001101101101100111011010100001000100010011100110000111100101101010101110111101000111001001101010101001011101010010011100011000111011011011101110101110110011110111100111001010000001011111010100111110001001010110110001000110110010011011000000100001110010000101001110110011101000110111010100
39 65 11101101101100101100001110101101011101101100101010001001001100000101101001110000110111000000011000001001001101101011111010100010111011101010101000010100111001111010010100111100111001011111000101100100000110111000100001000101011000011100110011111000001100000110000010101001100011011110000111000000000
95 63 100100101100000101000100100100010011101011001100010001100111100101100001000110011010111100001011101000100011000000111100000101111111011000110111011011100101101101111011100110000111000000010000111011110100011101101110000010101101100111111110110110000001111000110001100001101100111000101101111000100000
43 77 1100101100101101100101100000100011001011000011100101000010110000101111101110001010111100011011011001000011001111011100000011111111000110111111110110111111111111011001110111000011011111001000111100100000000111001110000000101110100110100010110011000101000000110100011011001100011011000001101100010000
85 97 1110101101000001010100100100001010011101010111010101101011000111101101011010001110111000000101011001001010100010011100010011011101100000110111100011100111111001110111100111000010001010101001100110100100110111101100011110101101110110101110010111000111100001110001100000111100111011110000111000001100
59 21 110100110001110001010110100101101010111111001011011011100101011100111001000010001110111100001001011100001010100000011101111001110111011101010011010011101111101111000010100111100000000011000000111100100000110111001010010100001101100101011100100011010101000000110010001101101100111011010001111000000101
10 33 101000101101001101110010100100000001111101000111100011000010100100010101001100011110111101100011001001001100101100011110010000010101111111010101010011101100101111011001111111100111011001000001100110100110101110011000001000101111100001010110111111000101111000111001010101111100011110010000111100100100
58 99 111100100100100001110100100000001011001111011001010011100111100110101101100110011000111001110010011101000001100001111100010001011110101101111111111011100110000111010110100111000011001111000000101100100110011111111000011001101111000110101111111111000101011100100010000100111100011000101001111000010000
49 98 100100101100001101111110000101010010011101001100010011100110001100111101000110001110101000000001001001100011000100011110111011111110111001010111101011101110011100011000110101110011001001100000101110110110011110011100000001001111110110101111110101000100100000110010101100000100001010100000011100100100
40 82 101000111101001100110101000110011011000011010100000011100111001101111101111010011010111100001011001001000111100101011111001100111111111001110011110001110110110111111011100111000011001000111000011111100010010110011010010000101111000101101001110111000001010001110000111111011100011000101001110000100001
24 88 111101100000001010111100100111010001111001100110011100001001000111101101110001100111110110011001100000111100100001110110101111111110100110110111011101111010110110001001111100000000001010001110100100000011111001100000001100011100111101001110010000111101001110010001000001000110001100000111101010000
57 6 111100101101100001011111100000000010111101000100000001000101110100101101000010000110111101000011011000001011101101001000011000010111001000011110000011100100111111010001010110101110000111000001111110110100010111011010000010110100100111011110011111001101110100110001000100001100111001100001010100110000
87 73 111110101101111101100100100101010011101011011001000001100011101110101111001110010110110101001101010000101011000001011111011001110100011110111010101111101111001011011001100111100011001011100010100101100101110111111101001010100111100010101100000011001100101010100011000101011100011001000000100000000100
71 39 110101101010101101111000100001010100011001110110100100011101101100101001111011100111000001011001001001010101100011110011011011110100101010101111011110110001101110011110111000001011101101000111111110000110100111000100001101111000110100010011101000001110101110011110001011000111000100101101000000000
41 42 111000100100101101011111110111001011101111000110110011100111000110111101000110000100111100000011011000001011110101111101101011101100111100100011110011101111110100010010110111000110001001001000000100100000011110101100000000110111000111101110111111000000001000110000000101001100111001001100110101010100
34 100 100100110100011101110100100110001011001101000001010011101111000001101100000110101101111100010000011011101010101100011100010000100100111111100011010011101111101111110000100110000110001001000000101110010100010110101000000010101101000111101110110110000000101000111010011100001100111000100000111100010000
72 36 110110100110110101010101010100110011110001000101100001100111001000101001100010001110101101000011011100000100101111001100001001111110111100101011000011101110111010011111000110000010010101001001111010100100101111010110101101101111100101100100100000000001111000101010011111001110111110110000111000000000
8 18 101000111101011101100101100110111011100011000010110011100110001100111001001110011010111000000010001010000010001100011010010010110101101001100111101011101110011110011011101110110111001000011011101101111100100111011010010010101111010111100000101111000000001000010010111000001100110010110000111001010000
47 83 11110111011000101110101100111001010010001000101110001100111100011111101100010111110111001011011101001001010101100011111010000100111111001000111000111101110111001010000110111100111001000100000101111100100101111010100000110101101100111001111111111000111100000110011000010011100011001000001111100010001
100 44 1000101101100101110100100100111010011011000110110111100100100100101111101010000110111101010011001001010001100110001101010110110101001100000111001111100111001101010101100111000111001100010000110100100110000111111000100110110111100111111100011011001100110000100000000101011100111010010000111100100000
26 51 111100111101110001010100000100101011011101001001010011100011001001100101101110111110111001010011011101001111101111011100000100110101000011010011100011101101111111110011100110111111001101000010011100100100110111101000100000101111100111010000110010000000101000110010001101011100101001011000011100000000
69 82 1110111111001101110101100000010010010001101110010101000111101111111101011110001110111001000011010001000000001100011110111010001111101101110011110010100111101111110100101111001000011100000000101111110110100111000000110010101101100011100110000110000100101000100010101100011100111011000000010000110000
83 60 100101101000101011100000101101010001101000101110011100111001101101101100010011010111100100000001000000100110100111100011010110110100101101111110010101111001110111011100111010011001101000000100010110000000110110000111010110110000011011110111010000101100000110101001000011000011000001001111010110000
95 73 1100101101101101000100010100111011101101000001101011000111110101101001100110010010111100001001001100001010101100011100001001101100110101111101010011100101101110010010110111110110001001101010111100010010100111111000000100000001001101111101110111000000100000010110000111011100111011011000111000010000
28 41 111110101101000101110100100110000011011111000100110101000011101000100111001110011110111100011011000001001000100110111101101010110101001101111111010011100101011100010011100111001111000101111000111111100111110111001000100010101101100111110100011011001111100001110011001101011100111001001001111100100100
23 23 100101110001110111100110000010101111001100000111001011101100101111000010010100111101001011011101001111001101001001011011110111101101000111100011101111011111011001101111000011001001101000111100110100110110011000010000100111000010110010011011000101101000011011011101001000001000001000111100000000
33 51 10110100101110101110101110100001010110111000110011001100011000100111101100110011010111100000011001101010100101101111110110010111100010110010110110011100111110011011010111111000011001000011000111101110100000110110100000000110111111111100110010010000000000000110011001001001100011010100000111000100111
58 81 100101101110001110101101100101011101001010111001011110111011001111101000100001100111000000001000101001111100100011100010011010100110101110111010111100001101111010111110010010111001000000010111110110100010111010000001101001111101011100110011011000010101000111011001000001110011001110000111000010000
41 1 110110111001110001110101000100101011001011000011110001100111000001101101000110000010111111001110001001111110110100011100000110011111111101110111011000101111111101010001110110000101001000000000111100101110111111101000010110101101100100111100111011000100100001010010000100101100101000100001111000000100
92 40 111100100101100001110101100100111010001101100111100011000111010101101101001111101100101100000011001000000100000001011100011110111110101001110111110011101111101110001011100110000110001000101010100111011100100111001100000010101110100110010110011111000100011100110011000110001110011000100000110000010000
7 11 100101001101101110000000100001011100111000100111011101001100111110101001110001110111101000001000101000111001111001111011001010101111000111111011011100101111101111011110111001011001001110000111110110000000111110000010010000111100011110110011010000011100001110010000110011100011101100001100100000100
90 85 101100101101010001110001000101011011000001100110000011100111110111111101001110111000111000100000111001101110100111011111010011111110111101010110100011101111001111110101000110011011001000110001101110110100000101100000000110100111100110011110111111001001100010110011011111011100011011100001110000110000
53 30 111100100101000001111000100100010011100101000110100111100010110000111111100110001110111000100011001000000100101010011100010001110101011100111111010011101110101100010101100111000010001011001011111100100000010101010010101100100101100111011110110010000100100001110111110101101000011000001000010100000000
10 15 10110111100000101110100100101101110100111000111010011101010010101110001001110011110111100100001011001000100011100001100111111110110101001110011000011110111100111111000100111100101001101001011001110100000110111011000001100100111000100011110101001000001101000111011110111111100011111110000110000110000
6 95 101100101101000101110100100000001010001011000001110011000111100100100101001010011110111100010000001001101110101101011100011010010110001101110110110011101111011100011101100111000111001001010000000110110100001100011010000010111101100111110010011111000111100000110010010001101101111001111001111101000100
40 83 110000110101011101010101101010011011011101001100000001100111100100101101101010011100111100100011011100100010000111111100011001000100101101111111111011100111110111011110010111001010000101101001010100110110011110100000001000111111100100001110110011000001101000110011011101011100011000110000011000010100
65 38 1000111001010001100110110101101010111001000000000000100011001100100101100110011110111101011011011000100100100101111110010000111110110101010111101111101111011101010001000111100011000001001001101110110000100111001110100010100101100111000100111011000100010001110101000001001000011000100100111100110001
38 63 10110101100111001101100100001111010001111010101000101000111100000101101001111000000111101110011011000001010100100011110000011110111111001110111010111100111011101111001110010010010000001000000011100110100000111110000000110100111100010110111010011000000001000111011000101001100111000110000110000110000
13 63 101110111111001101111100100101001011011101011111010101000010000101001001001010011110111001111010001001001000001100011110010011010111011111111111011011101111001111110100111110000111000010011000101110110000001110001000001001100101101101101100011011000010100000110011100101101100110111000001111100110100
59 18 111000110101011001100000100100101010111101010110100001100101110110101101000010010110111001010001001100000111011100111111011011110100101000110001100001100101110010011000100111110001001000011010100100000100110111001100000000101101100010111110110001000100101000110010110001011100011000010001111000000000
58 73 110100111101000101110110100011001011111011001101110011100010001000101101000110110100101101000001011101000010100101011101011011100100110101100110110010100100110111011011111110000110001101001010001111111000101110011011100010101111000110111110101011000111100000000001011001001100110011111101111000000100
37 56 100101001100101110111100101001000101111010010001010100111110001101101001110011110110100000011000001000010010100111101000110110101110101010111110011101101001111111000101111001010000000011010111110110100010111001100111110101011110111000110011011000101000001100010100111011101011101110001111000100100
53 33 110110101101100011010101001100011010111011001110110011100001100000111101001110001100111110000011000000101110101100011100011111111110101101001111000011100101101111010011000111001011001001000000111100110100100111001000010110111111100111111111011010010110010000110111000100001100010011110000111100110000
37 1 100101001001110101100100000110101001000100010001100111001100101101000110001010101000011011011000001011001101011101111011111110100111110111110011101101101111100001100111000111000001000011101111110100011111100010100100101101110101001100010001000000110000110101110111101100111000101000100001010000
57 94 100100100101101001010000110100001011101101000000110001100010111100101101110010001110111100010001011010001110011001011100010011011111101001110011110011100111100111110110100110000110001001000000000100110100001110001000000011000101100110110110111011000101100001111011000111101100111010100000110100110000
55 57 101110111101000101010000001100000010011111011100110001000111010110111101001010110110111000000001001001000110001000001101011000110110111001000111010011101111011001010111100111001011011000001000101111110100110111111000100010101111100111101110100111000100100000011010000110001100111010000001111000100000
59 16 1110111101001101110111100100001010001011001100000010100100000101111101010110101110111000010000010001001111111101011100011011111111111001110111110110101111000101010001001011110111001000001000011110110000010111101000001001101101100110111110011011000111110000110001010001001100011000010101110100000001
37 59 111000111101101001101100110000000010001101000111010111101101001000111001110010001110101000101011010000001100000100111110011011011110011111110111100111110111011111100011100111000011001001001011000110110100101111011010100010101110010101101110011010000000100000110010011101001100111001000000110101010001
71 87 111100111001001101010100100100101111010011000110100001100111111111011101001000001110111100010011101100100100101010011101010100010110001000110111111111100111101101010101100111110010000000100000110111110000110111111100000101101111100111110101111011001101111000101011000101011100010100000100111000010000
39 32 101100100101101001110101101100011010010011000110100011000111001000110101000110000100111100000011010101000110100100011111011000010110110101111011000011100111011111011101001111001110001101111001111110110100110111011000000010101110000111001110111011000101000000110011111100011000011010110000111001110000
2 12 100100100101110101001101110010011011101111000001001111100010100110101101101110010010111100001001001000000110000110011100001010000110111000110111111000100111001110010101001010001011010001000000111101110000010111101000110000101111000111110110010111000100000000111001110101011110011010100001110000101001
38 75 110010111001001101100100100100011010000101111000000001101010110100100101001110001110111110000101001101101010110101011100011010110110101000110100010011100101011111010000110110010110001001001010101110000101110110001000000010100110000010100100011011101000000001110010010101001100111010111001010100010000
26 24 10000101101111100010101100100011010111101010110100011100101111101101101101110000100111100011011010001100111100001011110011011110100111101100110110111101111101011110011100111100010000001001010111111110110011111111000100001001111100101011110010011000100100000110010100101011100111000100001110100010001
24 52 100100001100101110101110110101110011111000000010001101101110100100001000110001000111110101001001001100110111000011110011011111101100100110111101011101111011111110011100101000111001001010000111110110101000110001100000010101101100111001110001011000010010000110010111000001100111111010001111100000100
19 51 110100110101110001110100100110101011111101000101100011100111100000111101000010001110111100000101011001000110111101011100110000010100111101010011100111100111111110111000000011100110001101011010111101110110010110000100100010110110010110100110111011001001101001000011000100011100111000100000111100100000
92 84 101100101001000101010001100010001011001011000111110001100011101100101101101110000110111100000011001100001011100100011110011000110101100001111011010011101111101110010100000111100010000000111001111101100100100110100000001110100111100111010000101110000101110000100011011001011100111000001001111000010000
62 80 11110111101001111010001100011001010110001000101010011100010100000101001100110000110101001000010001001011110100101011101011000100101001000110011011011100111011000010001101110001111001100101000111110110110010110100011110110100101100110100000111101001101100000110011000101011000011001000000101100011000
45 41 11011101001000101001110100100011011101101011011110011100001100110101111001010001110101000111010001001000110111000111111011101010110100101110011110011100111010111011111100101000000001101001010011111100100101111000000000000101111000111011110000110000000000000110000110110011100011000100000110000100000
18 100 101110101001101101110101000101101011011001001010000011000010101101001111001110011010111000101010001000001100100110011101000011110111100000111111010011100101101111010110100111000101001001001010111110110110100111001010100010110101100011110111110010000101100000110100001010001100110011100101011101110000
14 73 101100101011100001010000100011011011110011001110110001100111011101111101001110001110111001101010000000001110001011011111011001111101010001000111110011100111011100010101000111010111001000101000001100110101010011100000000000101111101111110111001010000100111000110001010101011100111010101100111000001000
100 26 111110101101001001110111100100001011111001001110010011100001001000111101001011101010011100000011001101001010100101011100010100111101101100111111111001100110111111110011101011000111001101101000110111110100001110011100000110101110000110111010101011000001010000010001010101001100111011110000011000010000
40 14 1101111001010101110100100010110010111111001101010011001110101000111001110110001110111000000001000011000111101100011111001110011100100101111111100011100101101100011000000111100010001011011010110100110100111111001000010110100110000111100110111010010001101000010011011101011100011101010100100000100000
57 14 10100100101101101111100100100101010101111000101100001100001010100101101101011010000001101000001001001011111101101011100011010100110101101111010110001101011101111110011100111010111001000001000101111110100011111001000100000111101000111100110000010000001110000110010000001101101010011110101011000010000
54 85 101100111001000101110110111000001010001011000010010011001001001100111101001110011110101110011101001001101110100100011100010011101111000000111111110011100101111111000111011110110011001001101010100110110000110111011100100110101111000011111010101111001001011000110011010100001100011011101100011010010100
92 17 10010100011000101110101100000001010101101000010101001101011111100011101101110100110111100000111001000100110101111001101010100110101001110001011011011100111111110110011100010110110000100010010111110110110010111001100101010101011100110111010010011000000110000110100010101011101011001101000110100011000
14 57 11100101111101001110100100110001000111111001100100011101101000100100001001010001110111101001001001101100001000110011100011111101111111001110110000111110111101111011000100111110111001100011000101110100100010111101100000110100111110111001110010011000100000001111111000100011100111011101100110100000000
21 45 100100100001101101100110100110101010101111000101010110001111100001001101100110110010111100010001001111100110110100011110011001110000011001100011011111101100101110010011000111010111001001011000100110111100101001001101000011101101100110110111010010000000100000110111111101001100111001110100011000110001
87 95 111100111001100101100101100110011001000101000111110111100111101100111001011010011100101001001011101000000011101101001100000100010101110101111111111111100101001111010001101110100111000000100010111001110100000111010000010010101111100110100010100110000001111101110111000001001100111010101101101100000000
66 75 111000111111110000000111100010101111111001000111000111100111001101111101101010001110101110011000010101001011000100011100110000110111101101110111001011101111011011110010100110101011011001010000101111110000110111011000001010111111101011000111110010010000100001100010100100000100111011101001111000000000
33 66 111100100001100101000101101100000010001001000110010011100001001100111101111010001100111101000001001001101100100110001111001010110101100100100001010010111111001111011001100110100010100000001010111110110100011110101000000110011111100010111110111011000101100101110010010000001100111011000000111000010000
94 3 101100110001100101010101100101000110101011001110010000000111000101101101001110011010111010010110001001101000001101011100111011010101000001110111110011101110010110010101100110010111011101000001111111010100010111001000101010111111100110110110000011000000010001111011000111001000111000000000011101010000
16 46 101100100101001101100001100100000011001001001001011111001101000000101101001010001110111100001011011001001100111100011100011010110101110001110111000011111111111100110110010110000010000000001001101110010000010111001100000110101010100100001010101010000000110101110011001100011100011100101101111100010100
76 64 100101101101100001110010100100101010001111100100110010100111001100101101001110001100111100001011001001000111101000011101001001010101101101111111010011100101101111010010100010100010000001101111101010110110110110100000001000101111000111100010001011000100000000110110010111001100111011110001111100010000
87 99 101110101101010101110100100110011001010111001100000011110011110110101101000010001000011100110011001001001110101111001100010000110110111100101110110011101101011101011001100111001011000001000001111010110000001111101100000010101111100111111110111111000000100000110011000001000110111010000000111000010000
10 31 111000100101110101100101010010011011111001000101000011000011000000111101000110001110111001010001001000010011100100011100011111010100100100010110110011100010100111011010110111000010000101101000111110001110010111011100101011101001100011001111110010000001100001110000110101011100011010110000111000100100
61 1 100100101101101001100100111110001010110111000111100001100100010001100101001110001010110000011011011001001111110100011101010011011111111101111111000111101101101101010100000010001011001001001011111110110100000101011010010000111110100111101110110010100011100001110100001000001100011001110100111000010001
73 47 100100101000101010100000100001010001001001110010011100101101101101101100110001100111100000101011001000111100100011100101010110110101101100111011011101111011111010011100110010001000001000000101111100100010111011001000010100100100101010110100011000100110000110000010101011100111011000100011100100100
96 60 101100111101000101010100110100011011011101110111110011100001010101111001101110001100101001000111001001001110001101011011011111110100111100111111111001100111101111110101100110010110000101010011010010100000000111001110000110111101000011110110100110000001001000111110010010001100111110100000111100110000
62 20 101100101001111001110100100100011010101011001111010001101010000000001101001010000110111000010011011000000111100101011110001001110100011001110111110000100101111101011001110111100010001000001000111111110000110110001000000000101111100101100110001010000111000001110000111100001110111001110101111000000001
1 63 101000101101100101000101100100001010010011000001000000101011101101100111001010111110110000100111001000100100101011011100011000110111111001110111100011100111101101011110011110000010011101001011011100110100010111011000001001101101100101011110001011101100111000110011000001001000011000000001111100010100
20 3 100101111101101010001100101101110011011000100110011100011001000101101100010001000111100101011011001001001101101101101001111111111001101110111010011100101011111110110000110100010001001000001111100110100011110011010000000100111100111111110110010001111111000110011010101001100011001100000110101000000
23 87 110100110101010001100110110110001011111001000111101111000110100101111101000110100110111000000001011000000011101100011110001011110110101101011111010001101101011111010001100011010111001001001001101110110110010110111100001010101111100011111010111011010100011001010001010101001100111000101000110000110000
18 82 110110111001101101101100100010011011000010000111110101100011000101111101010010001110110000000111010001001110100100011110010111110110101100111111000010100101101101010101100111000111001010001001111110110100101111101100000100101111100010111111110011000101110010110010000101001100101110100000111100011100
69 71 11110100101010101110101100100101010001001000001000010100111000001111001001110000100111101010001001100110000001100011101011001010100101000110110101001100111011110101101101111110011001011101011111100000110000011001000001000100111100011010110111011000101010000110010110101001100010011000001111101110000
88 18 1000100100100101111101100101000010111011001110000000000011001101011111001110011110111001001011011011100111101111011100011111110101101101100011010010100101001111110111100111100111001001110110100100110100010110011001000010101111000010110110011101001001000101100011011101111110111001111000100001000000
35 4 11100100101101001110000100100100010010101000111010011100111100111111101000110011010111101001001011000001010000011011001111110010111011101010111011010100111111101011001100110100010001001001010111111100100001110001000100000100101001111101100101111000000100001110010010100001100111011100000111100100000
28 55 100100101001101101110100000001010111011000101111011100001101011011001001110101110011111001001000001000000000101011101001101110101100001100111111011110001011101010111100010000001000010111010101100110000110110111110000010101101100111100111010110000001011000110000110001011000011010000100111001111000
67 96 110110100101001101001100100101001010001101010010110011000011000001101101101110000000101110001011001101001010100101011111111011110100111001110111110011100101011101010000101111011110000010111000100100110100000111011000100000110111010110101111100110000011101000000011010101101000110011110001111000000000
36 89 11100101101010001110100000000011010001011000101010001101011001111101101001010101110111000001001001100001111100001011101000000110111111000100111110011110101001101011011110111100011000001000101101110110000010111001010000011101101100101110110101110000101000000111010000101011100011000100101111101010000
79 25 100110111000100001110100100000001101110111010101000001001111000100111101001010001110100101001000011001101001001101001101001011011101010101110111010011100100101110010011000111011000000001001010111110100100011100011100101010100111100110101110110010000101001100110010010111001100111000100001100001110100
