10100101101001001110111110001111010110100001100010011100001000101001101001010100010111010110001001001000100100000111101010101110111110101110011110001100111100101010100101111110011001001000000111111100100110110001111000010101101100110111010000011000000101000110010011000001100111000100000111000000100
110010001001101100001010010000001001111111001011110000001100101101110000000100101110000110000010101010000100000100000001000111001011111100000100010010011000011000101001001000110100001001000000000010010100100001000111000000000010000001001111101100001100011000010001011001010000000001000001101000010100
111010010001000000011000001010101000010100000011000000000010100110001000010000000010010000110010101101100110101000100010000000101010110000100100110010010011011000101000000000000001000101000000000001000100001010100100100000000000000000011101010100001101000000000100000100000001100100111001101100110000
111110101101110101100101100101001011011111000100000011100101010101101101101110001110111110010001001101001110100011011101001010010110111101110011110010100101101111010111100111000011001001001010100110100110010111011000000101101111100010101110110010000001000000001010011101001100111011001000111000010100
111110101101110101100101100101001011011111000100000011100101010101101101101110001110111110010001001101001110100011011101001010010110111101110011110010100101101111010111100111000011001001001010100110100110010111011000000101101111100010101110110010000001000000001010011101001100111011001000111000010100
111111110010001000110110101100110010001100000100110011011100001001010001110010010000100000010011110100110111100000001111011011011111110101010110110011100101111110110010100110011000000010011011001010100000101110000011101000100110001111001110110110001101010001110010011101011110010110100100011001111100
111111110010001000110110101100110010001100000100110011011100001001010001110010010000100000010011110100110111100000001111011011011111110101010110110011100101111110110010100110011000000010011011001010100000101110000011101000100110001111001110110110001101010001110010011101011110010110100100011001111100
111111110010001000110110101100110010001100000100110011011100001001010001110010010000100000010011110100110111100000001111011011011111110101010110110011100101111110110010100110011000000010011011001010100000101110000011101000100110001111001110110110001101010001110010011101011110010110100100011001111100
111111110010001000110110101100110010001100000100110011011100001001010001110010010000100000010011110100110111100000001111011011011111110101010110110011100101111110110010100110011000000010011011001010100000101110000011101000100110001111001110110110001101010001110010011101011110010110100100011001111100
111111110010111100100001110100110100011111001110101011011000001101001001111010111000110010110010110000110111100111111110011101100111000101010010100101101110101110110010101110001001001010110001010100100010100110001000100011100100101010000010001010001011101001010011111100001110011111111101111001101100
111111111011100101000010101001011101000011000100011111000000011000010001101010100110011100000110010001111100100001111101000010001100010000100011011100101110001100111111101010000100000110011001010001100000001100000110010011100101100010100000011110001100101001000010101011011110111011010001011000101000
111111111011100110110000111111100100111001001110111001010101011100010011101110011010100110100010100010011011010110011111110101001110100000011111011111110101010111110110001110101100000110101000001100100110110111101110000000101100111011000000101010001110011000000100100110011110011010000100000001001000
111111111011100110110000111111100100111001001110111001010101011100010011101110011010100110100010100010011011010110011111110101001110100000011111011111110101010111110110001110101100000110101000001100100110110111101110000000101100111011000000101010001110011000000100100110011110011010000100000001001000
111111111011110010001001000101000111000100001110010111101100000110100110101100001100000111110101110111011000011000000000011010111000010110111011110111001100101001010101111011101010001111110000000010010110101011010110001010110000110101001010101101000110110001000000101010110001000010110110010100011101
111111111011110110010100001100111101010110000010001111000011110110001110100000110110000110110000010101011101111101110011010110000001100010101011011000001001111011010000111110110100000100100010011110010110111010011010010001110000110000010110011001000001101001101001000001100001001010011010110001111101
111111111111111110111110100100011110110011001111100000011111101100111011011010100100010100111011001000011110010000101101101000111110000110011111011001101000101100111000010111101111000011000110110000100110100111000010111011101100011110101111101010010000110001000001010110011110001111000100101101101001
111111111111111110111110100100011110110011001111100000011111101100111011011010100100010100111011001000011110010000101101101000111110000110011111011001101000101100111000010111101111000011000110110000100110100111000010111011101100011110101111101010010000110001000001010110011110001111000100101101101001
111111111111111110111110100100011110110011001111100000011111101100111011011010100100010100111011001000011110010000101101101000111110000110011111011001101000101100111000010111101111000011000110110000100110100111000010111011101100011110101111101010010000110001000001010110011110001111000100101101101001
111111111111111111100110000001100000101001010111001011110100100110110010000100101000100011101110001010010111011100110010010000001011101110110010010010000111100000011011001011110010001001000000010011000100111001110011100111101011011001101100101100000101001001110011100000110101010000010100110001111100
111111111111111111100110000001100000101001010111001011110100100110110010000100101000100011101110001010010111011100110010010000001011101110110010010010000111100000011011001011110010001001000000010011000100111001110011100111101011011001101100101100000101001001110011100000110101010000010100110001111100
111111111111111111111111001100001001110000010000111110111011010010101110000100111000011001000111000001110100011110100001001010100011001100100110110010001100101001111110001011100001001010111100010011000110001001000010001101110000010010010100010000010011011100000100100000110100111100010100111001001100
111111111111111111111111001100001001110000010000111110111011010010101110000100111000011001000111000001110100011110100001001010100011001100100110110010001100101001111110001011100001001010111100010011000110001001000010001101110000010010010100010000010011011100000100100000110100111100010100111001001100
111111111111111111111111001100001001110000010000111110111011010010101110000100111000011001000111000001110100011110100001001010100011001100100110110010001100101001111110001011100001001010111100010011000110001001000010001101110000010010010100010000010011011100000100100000110100111100010100111001001100
111111111111111111111111001100001001110000010000111110111011010010101110000100111000011001000111000001110100011110100001001010100011001100100110110010001100101001111110001011100001001010111100010011000110001001000010001101110000010010010100010000010011011100000100100000110100111100010100111001001100
111111111111111111111111001100001001110000010000111110111011010010101110000100111000011001000111000001110100011110100001001010100011001100100110110010001100101001111110001011100001001010111100010011000110001001000010001101110000010010010100010000010011011100000100100000110100111100010100111001001100
111111111111111111111111111000010100010110001101101010001110110010101010010100100000100000110101000010101001111000100010100000010001011001000010110111001100111011001100111101100101001000110000011111010110010100111000000011010011101001001001110000000111100000011010110000000000001011111101100101111100
111111111111111111111111111111000001111110010111111011000110100001011010111000101100000111000000001010100100101100110000010010001011101011101010000010000110111011001110100010011101001101101110000110100100111100101000010111010000101011000111101100010100000100001000000001010100011110110011100101001101
111111111111111111111111111111000001111110010111111011000110100001011010111000101100000111000000001010100100101100110000010010001011101011101010000010000110111011001110100010011101001101101110000110100100111100101000010111010000101011000111101100010100000100001000000001010100011110110011100101001101
111111111111111111111111111111000001111110010111111011000110100001011010111000101100000111000000001010100100101100110000010010001011101011101010000010000110111011001110100010011101001101101110000110100100111100101000010111010000101011000111101100010100000100001000000001010100011110110011100101001101
111111111111111111111111111111001011011010010011111000001111000111101110001001011010001111100010100010100111000000110010101101001000110100101111010100001000110011101101010011110001000001001011000010011110111101110010001001001010100011000010010000001111000101101010100010000010001000000111000001101001
111111111111111111111111111111111101110011001100010000000001000000010111100110111110000000101000001101111011011110011101100011101111111010001010110111110100001100101001101011011000000101011110110100010110110100001010101101100101011101100111010110010011001101010001011101011111001110100100000001110000
111111111111111111111111111111111101110011001100010000000001000000010111100110111110000000101000001101111011011110011101100011101111111010001010110111110100001100101001101011011000000101011110110100010110110100001010101101100101011101100111010110010011001101010001011101011111001110100100000001110000
111111111111111111111111111111111101110011001100010000000001000000010111100110111110000000101000001101111011011110011101100011101111111010001010110111110100001100101001101011011000000101011110110100010110110100001010101101100101011101100111010110010011001101010001011101011111001110100100000001110000
111111111111111111111111111111111111111101100100000000001100011110100011011011010100000001011010100100101101110000001111000110000111100111110110101001100011101001111000100111100011001110101011010111111000010110011101111110001111011100110101110111000101011001101100101010111100000001110110001100110101
111111111111111111111111111111111111111101100100000000001100011110100011011011010100000001011010100100101101110000001111000110000111100111110110101001100011101001111000100111100011001110101011010111111000010110011101111110001111011100110101110111000101011001101100101010111100000001110110001100110101
111111111111111111111111111111111111111101100100000000001100011110100011011011010100000001011010100100101101110000001111000110000111100111110110101001100011101001111000100111100011001110101011010111111000010110011101111110001111011100110101110111000101011001101100101010111100000001110110001100110101
111111111111111111111111111111111111111101100100000000001100011110100011011011010100000001011010100100101101110000001111000110000111100111110110101001100011101001111000100111100011001110101011010111111000010110011101111110001111011100110101110111000101011001101100101010111100000001110110001100110101
111111111111111111111111111111111111111110011100110001100001000010000100001001010100010100010001111110001100111110110000001001010010011010010110010111001001010101001111111111010001010101100011111110111111101110101100000110110010110101101111111110001000011000111011000101101001001011110110101100111000
111111111111111111111111111111111111111110011100110001100001000010000100001001010100010100010001111110001100111110110000001001010010011010010110010111001001010101001111111111010001010101100011111110111111101110101100000110110010110101101111111110001000011000111011000101101001001011110110101100111000
111111111111111111111111111111111111111110011100110001100001000010000100001001010100010100010001111110001100111110110000001001010010011010010110010111001001010101001111111111010001010101100011111110111111101110101100000110110010110101101111111110001000011000111011000101101001001011110110101100111000
111111111111111111111111111111111111111110101000101011011001001101000111111001010100011010110010100110011000111110100001100011000000111111101000111100011101001010111110100010001101000000100100101101111011010010100100010101010011100011110001011110010100000011000010010011011101001111000011001001010100
111111111111111111111111111111111111111110101000101011011001001101000111111001010100011010110010100110011000111110100001100011000000111111101000111100011101001010111110100010001101000000100100101101111011010010100100010101010011100011110001011110010100000011000010010011011101001111000011001001010100
111111111111111111111111111111111111111111101110001000000010000010110001000111101110111100110111110111011110011100111001000011101110101111100011001000100111100110010010010111101010011100110010011000111001110000010011010011011011110100110010111010000010101011101010010001111110100010110111010000110100
111111111111111111111111111111111111111111101110001000000010000010110001000111101110111100110111110111011110011100111001000011101110101111100011001000100111100110010010010111101010011100110010011000111001110000010011010011011011110100110010111010000010101011101010010001111110100010110111010000110100
111111111111111111111111111111111111111111111010000001110011101001000011001100011000000010110101101110010010000010100001100100011000011011010111000100001110011110011010101000001011000100010101011000011110101111011100001010000110101001010011101111010101001010111100000001011100001101111011111000000101
111111111111111111111111111111111111111111111011011111101110001011111100011010111010101100100000011101101011101101011111111101101111100001010110100100111110000010010001100001111011010000000110100011000001011101110100101010011110001101111100010110011100011111001010010101011000000011111101111000110000
111111111111111111111111111111111111111111111011011111101110001011111100011010111010101100100000011101101011101101011111111101101111100001010110100100111110000010010001100001111011010000000110100011000001011101110100101010011110001101111100010110011100011111001010010101011000000011111101111000110000
111111111111111111111111111111111111111111111011100111100001100100110101110101100000011001111001110101010010101000110000001100101000111011100011000010001111111011010001100000111001100011100001110101000001100110101101110011001010001110111000000000001010000010011111011110010000101011111011000101001101
111111111111111111111111111111111111111111111011101010100110000000111001111111010100101101111111011000100001011001101100010110100110110001100001000000101010100111000110111100011011111101111110110110100010011101100001111101010111101000110011010000010001000100100000111110110100111000000111111101011100
111111111111111111111111111111111111111111111111111000001011001010010001110111000000110001011010000100000001101010001010000100110111111010101110000010110001101101110110101110111100001100000011011100111001011000011110101110111010010000111101000010001111110011010011000011111011110001100011111101011100
111111111111111111111111111111111111111111111111111000001011001010010001110111000000110001011010000100000001101010001010000100110111111010101110000010110001101101110110101110111100001100000011011100111001011000011110101110111010010000111101000010001111110011010011000011111011110001100011111101011100
111111111111111111111111111111111111111111111111111011101001101111001010000011110000001111111010101111001110100001001101101011001101000000011101111101100100110001011100111101010001010000010100001111000000001011001111000101110110111110101011101000011100000011000001000011000110111001110010010101100000
111111111111111111111111111111111111111111111111111110011000101100100011000111001010011100111110100101001010110111011100000101111111001110001001111011100111001101111111101111011100101010111001001001010101011100100101000101101111010010010100111100011000001101100001100011010001101010001001001001110100
111111111111111111111111111111111111111111111111111111101010010110010000101011010000111010000100110000010010001111011001100111010110111011010101011001101011010110001000000111101110011110000111110011110001000000100110111110000000010111000000101010001000011110110100101100010110100110110111011100011000
111111111111111111111111111111111111111111111111111111101010010110010000101011010000111010000100110000010010001111011001100111010110111011010101011001101011010110001000000111101110011110000111110011110001000000100110111110000000010111000000101010001000011110110100101100010110100110110111011100011000
111111111111111111111111111111111111111111111111111111111001011011111010110100100100101111111101001000101011110101110010011111110011010000011000100010001001001010010110101011101100011111011100101110111010101011001001000101001010011110000100001001000111101010101110000011011000010010101001011000111100
111111111111111111111111111111111111111111111111111111111001011011111010110100100100101111111101001000101011110101110010011111110011010000011000100010001001001010010110101011101100011111011100101110111010101011001001000101001010011110000100001001000111101010101110000011011000010010101001011000111100
111111111111111111111111111111111111111111111111111111111111010101011101110001110000110100001011010110010010001100100000000110101000010100011110001001000010010000010110100100101111001010101111000110000111001100000010001110111010100110101110000110011010011100010001101111101000110001101010111001101100
111111111111111111111111111111111111111111111111111111111111010101011101110001110000110100001011010110010010001100100000000110101000010100011110001001000010010000010110100100101111001010101111000110000111001100000010001110111010100110101110000110011010011100010001101111101000110001101010111001101100
111111111111111111111111111111111111111111111111111111111111010101011101110001110000110100001011010110010010001100100000000110101000010100011110001001000010010000010110100100101111001010101111000110000111001100000010001110111010100110101110000110011010011100010001101111101000110001101010111001101100
111111111111111111111111111111111111111111111111111111111111010101011101110001110000110100001011010110010010001100100000000110101000010100011110001001000010010000010110100100101111001010101111000110000111001100000010001110111010100110101110000110011010011100010001101111101000110001101010111001101100
111111111111111111111111111111111111111111111111111111111111010101011101110001110000110100001011010110010010001100100000000110101000010100011110001001000010010000010110100100101111001010101111000110000111001100000010001110111010100110101110000110011010011100010001101111101000110001101010111001101100
111111111111111111111111111111111111111111111111111111111111110110010010110000001110100010000001000100001011010011100101111100011001011011001000010101011110111110001101010001010001011111010011011111010110101011100000110101000110100111001101111100001110100011001010111101101001111111001001010010111100
111111111111111111111111111111111111111111111111111111111111110110010010110000001110100010000001000100001011010011100101111100011001011011001000010101011110111110001101010001010001011111010011011111010110101011100000110101000110100111001101111100001110100011001010111101101001111111001001010010111100
111111111111111111111111111111111111111111111111111111111111110110010010110000001110100010000001000100001011010011100101111100011001011011001000010101011110111110001101010001010001011111010011011111010110101011100000110101000110100111001101111100001110100011001010111101101001111111001001010010111100
111111111111111111111111111111111111111111111111111111111111110100011111110100100110100110110000010111000110011110100111010011000001111100000010001101010100110110000110001100001111001110010100000110110011100101111001101111110010000110101111011001001001000100110111001100101100100011101010001001111001
111111111111111111111111111111111111111111111111111111111111110110011100001010001101010100000111010101010101000010111011011010011110110000100001111100110101000010110000000000000010100000110010100100010010011000111100001110110001001101110011110010000011101111100100000101111010010101101100011101011100
111111111111111111111111111111111111111111111111111111111111111110110110111101011101001001000001001011010001110101000101001111101011100110100111100010001101000110000011001010001010111000100110111011101110011111101001011011011101010100011010001000010101111101011100100011000001011101001000011110111100
111111111111111111111111111111111111111111111111111111111111111110110110111101011101001001000001001011010001110101000101001111101011100110100111100010001101000110000011001010001010111000100110111011101110011111101001011011011101010100011010001000010101111101011100100011000001011101001000011110111100
111111111111111111111111111111111111111111111111111111111111111111101011111010000010101100110101011101000000111110111111001101001110110001101110010011100011011101110000011000110111110000100010010110111010000100000101000101011101111110010101100100011100000011011100101100100101101101010100011100010100
111111111111111111111111111111111111111111111111111111111111111111101011111010000010101100110101011101000000111110111111001101001110110001101110010011100011011101110000011000110111110000100010010110111010000100000101000101011101111110010101100100011100000011011100101100100101101101010100011100010100
111111111111111111111111111111111111111111111111111111111111111111101011111010000010101100110101011101000000111110111111001101001110110001101110010011100011011101110000011000110111110000100010010110111010000100000101000101011101111110010101100100011100000011011100101100100101101101010100011100010100
111111111111111111111111111111111111111111111111111111111111111111101011111010000010101100110101011101000000111110111111001101001110110001101110010011100011011101110000011000110111110000100010010110111010000100000101000101011101111110010101100100011100000011011100101100100101101101010100011100010100
111111111111111111111111111111111111111111111111111111111111111111111111110111110011111100110010100111001101010000001111000000010100011100100100101010111101100001101111110100111100111101110011100011001110111000100011100011100100100010001000110001010001000111110011111010011010110000010111111100010001
111111111111111111111111111111111111111111111111111111111111111111111111110111110011111100110010100111001101010000001111000000010100011100100100101010111101100001101111110100111100111101110011100011001110111000100011100011100100100010001000110001010001000111110011111010011010110000010111111100010001
111111111111111111111111111111111111111111111111111111111111111111111111111101111100000101011000010000111100000000010111101111100010111101100101000110001100011110010011000011111111001111110001100110111001011000110100101011011000111111111001001001001000011000011111011011110101100110001011100101111101
111111111111111111111111111111111111111111111111111111111111111111111111111101111100000101011000010000111100000000010111101111100010111101100101000110001100011110010011000011111111001111110001100110111001011000110100101011011000111111111001001001001000011000011111011011110101100110001011100101111101
111111111111111111111111111111111111111111111111111111111111111111111111111101111100000101011000010000111100000000010111101111100010111101100101000110001100011110010011000011111111001111110001100110111001011000110100101011011000111111111001001001001000011000011111011011110101100110001011100101111101
111111111111111111111111111111111111111111111111111111111111111111111111111110100101000110001000111010000100000011101111001111011111001110111101011011110011111111000110100011101011011111111101001100111010111100011000010001101110010011011110100010101110111011111010010010110011011011100111000100100101
111111111111111111111111111111111111111111111111111111111111111111111111111110100101000110001000111010000100000011101111001111011111001110111101011011110011111111000110100011101011011111111101001100111010111100011000010001101110010011011110100010101110111011111010010010110011011011100111000100100101
111111111111111111111111111111111111111111111111111111111111111111111111111110100101000110001000111010000100000011101111001111011111001110111101011011110011111111000110100011101011011111111101001100111010111100011000010001101110010011011110100010101110111011111010010010110011011011100111000100100101
111111111111111111111111111111111111111111111111111111111111111111111111111110100101000110001000111010000100000011101111001111011111001110111101011011110011111111000110100011101011011111111101001100111010111100011000010001101110010011011110100010101110111011111010010010110011011011100111000100100101
111111111111111111111111111111111111111111111111111111111111111111111111111110111001100101110001001110110111001011101011100100001110011110001101111001100100001100000110110000101111111000100101100011011100011101011000000011000000110000011011001000001011111110011011111010110010000001000000011111100000
111111111111111111111111111111111111111111111111111111111111111111111111111110111000000111000110101000000000111010101101010010101110011011010001110011111101110001111110000110100010100110010111101010111110101100011111110001101000010111001011111001001011001000010010110000000100101001100000100000011001
111111111111111111111111111111111111111111111111111111111111111111111111111110111000000111000110101000000000111010101101010010101110011011010001110011111101110001111110000110100010100110010111101010111110101100011111110001101000010111001011111001001011001000010010110000000100101001100000100000011001
111111111111111111111111111111111111111111111111111111111111111111111111111111110111000110000000110111110100001001011000001000110101110101110010100011111000111000001011010001011001011110110001010010000101101100111110000111000100010000111111010001110100011010110001011011111100110000100100100000011100
111111111111111111111111111111111111111111111111111111111111111111111111111111111000000000000010010010011111010000011000001001100110000011110100111001111010001101001110101110011011100011011110101011000111011110111000001001100100110100100011100100011011011111100100000100111000001011001010010000101101
111111111111111111111111111111111111111111111111111111111111111111111111111111111110110110101110010001001011000111101001011101001100000010001100011110100010101001010111000100010101100001000100110101001101110101101100000000011010011010111111000100010110100101001011011110100010010111010111101011111100
111111111111111111111111111111111111111111111111111111111111111111111111111111110111000110000000110111110100001001011000001000110101110101110010100011111000111000001011010001011001011110110001010010000101101100111110000111000100010000111111010001110100011010110001011011111100110000100100100000011100
111111111111111111111111111111111111111111111111111111111111111111111111111111110111101111010000011101110110111000111100011111100110110011000101010001111101001010000110011101001010111000101110001000011000110011111110111001100110101110000001100000101111110011101011111111111111011001111111110011110111
111111111111111111111111111111111111111111111111111111111111111111111111111111111110000111110110110110110011111111111111110010110100000000100100101111110011000000001101101110001010000101011111001010011001001011100101000110010101000101000111001111011110111101111001101100001110001111000001110010011110
111111111111111111111111111111111111111111111111111111111111111111111111111111111110011001000111000111110110011100001011011001101101110110001001100011100110010010101111100011000101101001000011011011100011010010111000100110110100101011101001110011000010101000000000001010100111110011010100111000000111
111111111111111111111111111111111111111111111111111111111111111111111111111111111110011001010000110101100111111110111001011110101111100011110101100100101011100001001001010011000011111000011000111100100100110011011111110000111111111001111100110001011110110011000010000010011100011111110111101111001001
111111111111111111111111111111111111111111111111111111111111111111111111111111111110011001000111000111110110011100001011011001101101110110001001100011100110010010101111100011000101101001000011011011100011010010111000100110110100101011101001110011000010101000000000001010100111110011010100111000000111
111111111111111111111111111111111111111111111111111111111111111111111111111111111110100101101110111111100110111000111011000011001110000011011000011011111000100101111011000100100011011000010011111100000010101111010111000100011100010111011111000000000101001010010010011000110011001101011100111011100001
111111111111111111111111111111111111111111111111111111111111111111111111111111111111101011000010001000001110101000011100011000100111011000011010110100111011100001110101101111101111011011001011001000011101001100100101011001011111101100101011010101010101101010110110110111100110001111111001011010101011
111111111111111111111111111111111111111111111111111111111111111111111111111111111111101011000010001000001110101000011100011000100111011000011010110100111011100001110101101111101111011011001011001000011101001100100101011001011111101100101011010101010101101010110110110111100110001111111001011010101011
111111111111111111111111111111111111111111111111111111111111111111111111111111111111111110100110101100000010011000001001000111010101100111111010001001100010101001101000010111011111001001011100010001111011001100010110101100001110100000001111011000001001010011011010000010011000100110111001001000110100
111111111111111111111111111111111111111111111111111111111111111111111111111111111111111110100110101100000010011000001001000111010101100111111010001001100010101001101000010111011111001001011100010001111011001100010110101100001110100000001111011000001001010011011010000010011000100110111001001000110100
111111111111111111111111111111111111111111111111111111111111111111111111111111111111111100000111010110101110000000001110010011101100000101011101000001111101111011000110010101000101011010111100001110011001111100111100101111010001000010011111000111101000010110101111101011101110111100111010110101001011
111111111111111111111111111111111111111111111111111111111111111111111111111111111111101101101111000011111101111000001101001111110111000010110001000101111110001011010110001110000010011111001100011101011001001011100101001110001111101111100001011110101111010010101010110101010111010011011000110010011101
111111111111111111111111111111111111111111111111111111111111111111111111111111111111101011000010001000001110101000011100011000100111011000011010110100111011100001110101101111101111011011001011001000011101001100100101011001011111101100101011010101010101101010110110110111100110001111111001011010101011
111111111111111111111111111111111111111111111111111111111111111111111111111111111111101011000010001000001110101000011100011000100111011000011010110100111011100001110101101111101111011011001011001000011101001100100101011001011111101100101011010101010101101010110110110111100110001111111001011010101011
111111111111111111111111111111111111111111111111111111111111111111111111111111111111101100001111011001001000000111011001100010011101000110011110101001101011011011010110100011111110101110001110011010010100100000110111011101001100001100001011101101110101011010110101110111010000000111100111011111111110
111111111111111111111111111111111111111111111111111111111111111111111111111111111111100111100010001001101000111100001000010100101100000101000011000010110000100010001101010010010010111011010000000111101111110111111010010111110101001101001011011011101100000110100011111111000001001111100011111001101100
111111111111111111111111111111111111111111111111111111111111111111111111111111111111100111100010001001101000111100001000010100101100000101000011000010110000100010001101010010010010111011010000000111101111110111111010010111110101001101001011011011101100000110100011111111000001001111100011111001101100
111111111111111111111111111111111111111111111111111111111111111111111111111111111111100111100010001001101000111100001000010100101100000101000011000010110000100010001101010010010010111011010000000111101111110111111010010111110101001101001011011011101100000110100011111111000001001111100011111001101100
111111111111111111111111111111111111111111111111111111111111111111111111111111111111100111100010001001101000111100001000010100101100000101000011000010110000100010001101010010010010111011010000000111101111110111111010010111110101001101001011011011101100000110100011111111000001001111100011111001101100
111111111111111111111111111111111111111111111111111111111111111111111111111111111111110010111000100001110010110111111100001001011110001111010110110010101101110100111110000000100010111101011100011011000101001111001100000100100000011000011100111011110011101001100011110111010000001110001001000001001110
111111111111111111111111111111111111111111111111111111111111111111111111111111111111110010111000100001110010110111111100001001011110001111010110110010101101110100111110000000100010111101011100011011000101001111001100000100100000011000011100111011110011101001100011110111010000001110001001000001001110
111111111111111111111111111111111111111111111111111111111111111111111111111111111111111011111011000010111000111101101011101001011110111111010010010111110011010001010101001000111100100011100010011010010001010001110011101011110001011110010010111011100010110100111100110100010011100011111010101101001010
111111111111111111111111111111111111111111111111111111111111111111111111111111111111111100111111011010010100010011011010011100011111001010101110001110111001001011000001001101000101001101100000000110100000110101001110011110001000000000011001011000011001001011101111011001101011011110100010111001010001
111111111111111111111111111111111111111111111111111111111111111111111111111111111111111100111111011010010100010011011010011100011111001010101110001110111001001011000001001101000101001101100000000110100000110101001110011110001000000000011001011000011001001011101111011001101011011110100010111001010001
111111111111111111111111111111111111111111111111111111111111111111111111111111111111111110001101101001100000000011101111000100111100111110010110010110101100110010101010101100111100110010011001100000011010011001001100100111110111100101010011011010100100011101101001001000111001111000101110111111111100
111111111111111111111111111111111111111111111111111111111111111111111111111111111111111111011100010001111001011011011010000110010100001001101001110110100001001101111110110101100110010010001000010111111001100110010010011001000010110100100101100011111011110101100111001100011001001110101101011100100101
111111111111111111111111111111111111111111111111111111111111111111111111111111111111111111011100010001111001011011011010000110010100001001101001110110100001001101111110110101100110010010001000010111111001100110010010011001000010110100100101100011111011110101100111001100011001001110101101011100100101
111111111111111111111111111111111111111111111111111111111111111111111111111111111111111011111011000010111000111101101011101001011110111111010010010111110011010001010101001000111100100011100010011010010001010001110011101011110001011110010010111011100010110100111100110100010011100011111010101101001010
111111111111111111111111111111111111111111111111111111111111111111111111111111111111111011111011000010111000111101101011101001011110111111010010010111110011010001010101001000111100100011100010011010010001010001110011101011110001011110010010111011100010110100111100110100010011100011111010101101001010
111111111111111111111111111111111111111111111111111111111111111111111111111111111111111011111011000010111000111101101011101001011110111111010010010111110011010001010101001000111100100011100010011010010001010001110011101011110001011110010010111011100010110100111100110100010011100011111010101101001010
111111111111111111111111111111111111111111111111111111111111111111111111111111111111111110110011100101101011001000111101000101101100001000101000111100101101101001101101100001000101101111000010011100011101110100001111100010000010110001000100001110100001011101111010100100011111110000010001010111111011
111111111111111111111111111111111111111111111111111111111111111111111111111111111111111011100101111101011000101100000101101100000011111100101010110111010101110110110011000000011111001011001101010011111010011100000100101111011001011010010101001010111000011011010110101100011011111101100110001110111110
111111111111111111111111111111111111111111111111111111111111111111111111111111111111111111111100100001001110111100101010001111001110010000100100000000110101000010011110000100001110111011000101101110000100110100000111111111110100010100001001110110110000010010100100100001001000100110111001001101110011
111111111111111111111111111111111111111111111111111111111111111111111111111111111111111110111001010011101100010011010010110000111011011100101000001010010011000100010001111001000110000101000111100000011000000111010001011001101111101000110010110000100101010110011001001011011111000011010101010101101110
111111111111111111111111111111111111111111111111111111111111111111111111111111111111111101110010000110001100000000100000100010111000011100111010001110011111010101100011000001110110111110110010011101011001101010001110001110111100011110100010011000111001100001101001011101101001101111101100111011111000
111111111111111111111111111111111111111111111111111111111111111111111111111111111111111101111011101011100101000001111110101001101101101101010011100011100000001000011100100101001010101011000101011101110101000100101000110111101101111111010001011011001010001110000101101111101010011100011111101011101111
111111111111111111111111111111111111111111111111111111111111111111111111111111111111111111111111110000011101010110010101001011100011011110100111100100001110110010001100110100100101111001101111010101000110000111001100111000010111110011011101010100111111001100111111001011111000000000111100101101110101
111111111111111111111111111111111111111111111111111111111111111111111111111111111111111111111111110000011101010110010101001011100011011110100111100100001110110010001100110100100101111001101111010101000110000111001100111000010111110011011101010100111111001100111111001011111000000000111100101101110101
111111111111111111111111111111111111111111111111111111111111111111111111111111111111111111111001011011101101010011100101100100011000000011000000101000010011110101100000000000110100000101011100101001011100010101011111000101010110100100110001110111010101010010110110001010101110111001100110110111011011
111111111111111111111111111111111111111111111111111111111111111111111111111111111111111111111011111001001101110110000001001111011001011000011101111010011111100111000000101011100110110101011100101100111001011111010111101101100010011001100000000101101011010110110100000011011011101111010000000000111101
111111111111111111111111111111111111111111111111111111111111111111111111111111111111111111111100000001100101111111111101101101001111111100011011110011110001100100111001101111101011111010101100100101110100000001110001011111111111100000010100000110001101110110000000100110011110010000111010000001101001
111111111111111111111111111111111111111111111111111111111111111111111111111111111111111111111100011010001101010001101011110110110101001010101100101100111010010011111100001111011110010011101001010100100111000101101110101010001101100001110100000011101010101100000000011010010100101001110101000101001110
111111111111111111111111111111111111111111111111111111111111111111111111111111111111111111001110110000011011001001111110001000101101011101110000100000110011111010100000100011011111110111101101000000001011010110111110010111011011010100000101111010000000101110001101010001100100110000000101000000101000
111111111111111111111111111111111111111111111111111111111111111111111111111111111111111111001110110000011011001001111110001000101101011101110000100000110011111010100000100011011111110111101101000000001011010110111110010111011011010100000101111010000000101110001101010001100100110000000101000000101000
111111111111111111111111111111111111111111111111111111111111111111111111111111111111111111101111000101010111111111100111010011101000000000001001010010011100010000001111101001101100111101110001100011101010000001101100001111111000101010110101011110100111110110001100010000110011011101101001101001010111
111111111111111111111111111111111111111111111111111111111111111111111111111111111111111111111101001110011011110011000010101101101010010010010100011000011001000001101010111011110000101101100010111010000011001100111000110011110110010110110011000111110111101110010001110010001100110011100100101000110000
111111111111111111111111111111111111111111111111111111111111111111111111111111111111111111111101001110011011110011000010101101101010010010010100011000011001000001101010111011110000101101100010111010000011001100111000110011110110010110110011000111110111101110010001110010001100110011100100101000110000
111111111111111111111111111111111111111111111111111111111111111111111111111111111111111111011111110001110111110100101011000011100100011000110100011101101110011011001011111011100110011100000111001000101001000001111001001100100011010101101010011010110101110010101100000101001101000000111100111101100111
111111111111111111111111111111111111111111111111111111111111111111111111111111111111111111011001111100110010110111001101000011010100110111011111011000111001000110000110111000010101000000111100001010010111011111101111010110111000000111001101010011010010110010111011010100000101100010011100101001001101
111111111111111111111111111111111111111111111111111111111111111111111111111111111111111111011001111100110010110111001101000011010100110111011111011000111001000110000110111000010101000000111100001010010111011111101111010110111000000111001101010011010010110010111011010100000101100010011100101001001101
111111111111111111111111111111111111111111111111111111111111111111111111111111111111111111011101101110101010100111000010111000010001110001001111101011011001001010001100000000001010101001100100100110001011101101100110001010100110001110110101001010001011111011000111001011100011001000010011001101010110
111111111111111111111111111111111111111111111111111111111111111111111111111111111111111111011101111010000001010111111111110101000100101001101001000110110010110000000001100011001111110101010000001101101011111010000011111010010100101100000111000110100111011100100000100011111101001111000011000110101111
111111111111111111111111111111111111111111111111111111111111111111111111111111111111111111011110111100010110011010010100101110100010101100110101000000011110110000101011010011111010100011101001010011111101000100001100110110010111001111111110010000011110110111000010100101011001011110000000110000101100
111111111111111111111111111111111111111111111111111111111111111111111111111111111111111111011110111100010110011010010100101110100010101100110101000000011110110000101011010011111010100011101001010011111101000100001100110110010111001111111110010000011110110111000010100101011001011110000000110000101100
111111111111111111111111111111111111111111111111111111111111111111111111111111111111111111011111111001001100011011000000100101111010010111001000111111011100100111001011010001001100110011100111000111000011111010110000101110010000001010011101111110010101010001111000001011111110001000110111111000100000
111111111111111111111111111111111111111111111111111111111111111111111111111111111111111111011111111001001100011011000000100101111010010111001000111111011100100111001011010001001100110011100111000111000011111010110000101110010000001010011101111110010101010001111000001011111110001000110111111000100000
111111111111111111111111111111111111111111111111111111111111111111111111111111111111111111011111111001001100011011000000100101111010010111001000111111011100100111001011010001001100110011100111000111000011111010110000101110010000001010011101111110010101010001111000001011111110001000110111111000100000
111111111111111111111111111111111111111111111111111111111111111111111111111111111111111111011111111001001100011011000000100101111010010111001000111111011100100111001011010001001100110011100111000111000011111010110000101110010000001010011101111110010101010001111000001011111110001000110111111000100000
111111111111111111111111111111111111111111111111111111111111111111111111111111111111111111111111101110010110011000100011000010110000001010001111011010001110110010101001101110110011000110001110101000011011111010101110010110011001011111101000011011111001000100010010011101001000011100000001110010001010
111111111111111111111111111111111111111111111111111111111111111111111111111111111111111111111111101110010110011000100011000010110000001010001111011010001110110010101001101110110011000110001110101000011011111010101110010110011001011111101000011011111001000100010010011101001000011100000001110010001010
111111111111111111111111111111111111111111111111111111111111111111111111111111111111111111111111101110010110011000100011000010110000001010001111011010001110110010101001101110110011000110001110101000011011111010101110010110011001011111101000011011111001000100010010011101001000011100000001110010001010
111111111111111111111111111111111111111111111111111111111111111111111111111111111111111111111111010010000101010101011011010011110101010000010000110000100101010101001011001001000000111100101011001011001000000000110110110010100000011110001001101100000011100000000001101001111100100010101110000000101110
111111111111111111111111111111111111111111111111111111111111111111111111111111111111111111111111010010000101010101011011010011110101010000010000110000100101010101001011001001000000111100101011001011001000000000110110110010100000011110001001101100000011100000000001101001111100100010101110000000101110
111111111111111111111111111111111111111111111111111111111111111111111111111111111111111111111110110001100101011110001111111011101111001001000110110110100101110111011110000101010111101110111110110110001111110100100010001100010101010000011100000000111100011111110011110010000010011101101001001110100001
111111111111111111111111111111111111111111111111111111111111111111111111111111111111111111111110110111111000001111100111101111100011001010111100000101011000010100110110010110101011110100000000110011111010111101100111000100101010011110001000101100011001111011101001000011100110100101011100110101000000
111111111111111111111111111111111111111111111111111111111111111111111111111111111111111111111110110111111000001111100111101111100011001010111100000101011000010100110110010110101011110100000000110011111010111101100111000100101010011110001000101100011001111011101001000011100110100101011100110101000000
111111111111111111111111111111111111111111111111111111111111111111111111111111111111111111111110110111111000001111100111101111100011001010111100000101011000010100110110010110101011110100000000110011111010111101100111000100101010011110001000101100011001111011101001000011100110100101011100110101000000
111111111111111111111111111111111111111111111111111111111111111111111111111111111111111111111110110111111000001111100111101111100011001010111100000101011000010100110110010110101011110100000000110011111010111101100111000100101010011110001000101100011001111011101001000011100110100101011100110101000000
111111111111111111111111111111111111111111111111111111111111111111111111111111111111111111111110110100101110011010101110000011100111000100100010110111111110001100111100001000010010001110011110010011100000110111100001100000110010011100101000111000010001001001100111001100011010000010101010011100101001
111111111111111111111111111111111111111111111111111111111111111111111111111111111111111111111100010010110100011110110011000111101010011000010011000101011001100100010010000010110000011110000010110001011110010011111000111000010000000111001000010001111111010110101101010100111010011011110110010011001000
111111111111111111111111111111111111111111111111111111111111111111111111111111111111111111111100100101110010100111110010000000111011000001000111001111010101101111101001001010001001101010111010001100010101101000101100101001001010101101001001000111110010110110101110000101010111011000001110101010111000
111111111111111111111111111111111111111111111111111111111111111111111111111111111111111111110101100010001000110110111011110100010111010100111010100111110110010100011011110010000001000100111101001111000100001000111010100001101011101101110000001101101001101010100110001011011011000111100100001100010001
111111111111111111111111111111111111111111111111111111111111111111111111111111111111111111110101101010000000101101100010011101011000100010101101011111000011011000111010010011101001010101101100001001010100011001100101101110100011000010010111110010110101001000000101001011001111011101011010000101110110
111111111111111111111111111111111111111111111111111111111111111111111111111111111111111111111101110111111011111001000000111010010000011111010001001010000010100000111110111101100111001001011111111111000111101101100001110101101110110101001101110011000011101010001011000100000000010011010011001111100100
111111111111111111111111111111111111111111111111111111111111111111111111111111111111111111111101110111111011111001000000111010010000011111010001001010000010100000111110111101100111001001011111111111000111101101100001110101101110110101001101110011000011101010001011000100000000010011010011001111100100
111111111111111111111111111111111111111111111111111111111111111111111111111111111111111111111101110111111011111001000000111010010000011111010001001010000010100000111110111101100111001001011111111111000111101101100001110101101110110101001101110011000011101010001011000100000000010011010011001111100100
111111111111111111111111111111111111111111111111111111111111111111111111111111111111111111111101110111111011111001000000111010010000011111010001001010000010100000111110111101100111001001011111111111000111101101100001110101101110110101001101110011000011101010001011000100000000010011010011001111100100
111111111111111111111111111111111111111111111111111111111111111111111111111111111111111111111111101000111111010111001111101100110101100111100101001110100000111101011111100001110101010011010011011100001000100111001011011000000001111111010010110101011100000101000110000111010110011111000110101010111001
111111111111111111111111111111111111111111111111111111111111111111111111111111111111111111111111101000111111010111001111101100110101100111100101001110100000111101011111100001110101010011010011011100001000100111001011011000000001111111010010110101011100000101000110000111010110011111000110101010111001
111111111111111111111111111111111111111111111111111111111111111111111111111111111111111111111110111110101010010110111111101011001110100001011111101110101101001111000011001010110101111111110000111001111110010011000000101000011001100111011111011110111011010111100000110110101011110010111111001111000101
111111111111111111111111111111111111111111111111111111111111111111111111111111111111111111111110111110101010010110111111101011001110100001011111101110101101001111000011001010110101111111110000111001111110010011000000101000011001100111011111011110111011010111100000110110101011110010111111001111000101
111111111111111111111111111111111111111111111111111111111111111111111111111111111111111111111111011011101000011110010101001010100000001100101000000010001000101110011001100011000011101011111100011000000001101110110111001111101110001001000111101110101100100011000110011010000001101000111111110001000100
111111111111111111111111111111111111111111111111111111111111111111111111111111111111111111111111011011101000011110010101001010100000001100101000000010001000101110011001100011000011101011111100011000000001101110110111001111101110001001000111101110101100100011000110011010000001101000111111110001000100
111111111111111111111111111111111111111111111111111111111111111111111111111111111111111111111111010001110100011111110100000110111010000101010111111001011110100101111111100001110100100000111100011000011100011000001100101110011011110100100010101011010111100001000001000001100110001011110001000101011101
111111111111111111111111111111111111111111111111111111111111111111111111111111111111111111111111010001110100011111110100000110111010000101010111111001011110100101111111100001110100100000111100011000011100011000001100101110011011110100100010101011010111100001000001000001100110001011110001000101011101
111111111111111111111111111111111111111111111111111111111111111111111111111111111111111111111111011100100110101111000101001011000001101001011010101011010111010011101111001110100111011001000100011110000111001011010011100000110011100011101011001001110000011011110100101101110011011010011111001000101110
111111111111111111111111111111111111111111111111111111111111111111111111111111111111111111111111011100100110101111000101001011000001101001011010101011010111010011101111001110100111011001000100011110000111001011010011100000110011100011101011001001110000011011110100101101110011011010011111001000101110
111111111111111111111111111111111111111111111111111111111111111111111111111111111111111111101111011111011110111110010100111110011100101010010100010011010010100111001000000011001101011000011110101011110100100001011110101110110011110000100001001000011101010001000101010010111110000111010000100101101100
111111111111111111111111111111111111111111111111111111111111111111111111111111111111111111101111011111011110111110010100111110011100101010010100010011010010100111001000000011001101011000011110101011110100100001011110101110110011110000100001001000011101010001000101010010111110000111010000100101101100
111111111111111111111111111111111111111111111111111111111111111111111111111111111111111111101111010100101001010100101011011111101010100111011101101101101000101101110101001110111110101101100100000110100010100010100100101111100110010001011000101010001110110100000000010010010110011001100000010111110000
111111111111111111111111111111111111111111111111111111111111111111111111111111111111111111111111110111000100100100100110111001011110000001111001011111001011000111110010110101000000110110000011010101100011111111101110101001111111011100010100111000101011110100111100101010011010001000111110101000100110
111111111111111111111111111111111111111111111111111111111111111111111111111111111111111111111111110111000100100100100110111001011110000001111001011111001011000111110010110101000000110110000011010101100011111111101110101001111111011100010100111000101011110100111100101010011010001000111110101000100110
111111111111111111111111111111111111111111111111111111111111111111111111111111111111111111111111101110100101111011100010101011101001010011110110001111000100110011100100000010101010101000011011100000111111011000011011000101110001010010010110110110001100100101111100011101001010011011000010100110101011
111111111111111111111111111111111111111111111111111111111111111111111111111111111111111111111111110110111000111011110111010100100111111111010101111111011000110110011000100001101101010100101100111010010000000001110000111000010000100111101101011000011000101101001001001111011011000001101011001011000001
111111111111111111111111111111111111111111111111111111111111111111111111111111111111111111111111110110111000111011110111010100100111111111010101111111011000110110011000100001101101010100101100111010010000000001110000111000010000100111101101011000011000101101001001001111011011000001101011001011000001
111111111111111111111111111111111111111111111111111111111111111111111111111111111111111111111111101111111110101010000100000111010111111010001100110101000000111111001101011001001100000101001110101000010101001000010100001010011111010110001101111001000110011010001000110011010001011000011111001111111111
111111111111111111111111111111111111111111111111111111111111111111111111111111111111111111111111010011011111110000011000111010110001010100101110111101111111010110110100011011011110111010111001010111100010001100110111001011011010001011010010100010001111100011001100000001100001001011010100011010100110
111111111111111111111111111111111111111111111111111111111111111111111111111111111111111111111111101001101110000111000101110011111100001000000000100001001101001100101001111001101100111000000111001000110011001011001001010010110101111001001010010100010000010101000100011001111011100000110000100001100010
111111111111111111111111111111111111111111111111111111111111111111111111111111111111111111111111101001101110000111000101110011111100001000000000100001001101001100101001111001101100111000000111001000110011001011001001010010110101111001001010010100010000010101000100011001111011100000110000100001100010
111111111111111111111111111111111111111111111111111111111111111111111111111111111111111111111111101001101110000111000101110011111100001000000000100001001101001100101001111001101100111000000111001000110011001011001001010010110101111001001010010100010000010101000100011001111011100000110000100001100010
111111111111111111111111111111111111111111111111111111111111111111111111111111111111111111111111110110111101000101001010100101011111001100011011001101100011111000110110010101000111001100011010010000110011010101110100100100010000110111000100101101101001011000010101111011001111101001101011100010010000
111111111111111111111111111111111111111111111111111111111111111111111111111111111111111111111111100111011001111101101101101111100100101101110011100010111000001001011100010011101110100000000110010101001101110010000001100010000101000100010110101001110001001100111001100100100001110111101111011011110011
111111111111111111111111111111111111111111111111111111111111111111111111111111111111111111111111010111001001001100110011111110011110000101000010100010001111001110000000111110111100011010011000010111001111001000100100001001100001011010000010000001011001100001011100110000100110011010000100100000000011
111111111111111111111111111111111111111111111111111111111111111111111111111111111111111111111111110110000000111111000111100101001000100011101111100110001011111100110010000011011011101001011001010011001000110111111101001011110010101101101111011001101011010001011110000011010000000100000001001111001010
111111111111111111111111111111111111111111111111111111111111111111111111111111111111111111111111110110000000111111000111100101001000100011101111100110001011111100110010000011011011101001011001010011001000110111111101001011110010101101101111011001101011010001011110000011010000000100000001001111001010
111111111111111111111111111111111111111111111111111111111111111111111111111111111111111111111111111001001010001101001010101101011011010000001010000011100101101000011111010011010111001100110101100101101010101010010001010011001000110101010110000011011101000011011010011110011010110000111011011101111000
111111111111111111111111111111111111111111111111111111111111111111111111111111111111111111111111101011010101110111100011011100010111000101011100111010011000011001011011001011101101011010101100011000001001010111010110101101011100110000010000001101111010010111001110001000000110000101101100111100011101
111111111111111111111111111111111111111111111111111111111111111111111111111111111111111111111111101000111111111111110001011001000111101101111111010011010110100100110011101100011100101100101111111000110000111101100101010111110000100111000111101111011101111011101101101010010011101000011111010111000110
111111111111111111111111111111111111111111111111111111111111111111111111111111111111111111111111110001101111000100011001010011111010011011110011101001111111011010100011000000011100100001011011000101101001100100100001011011000110100011111011111110011000001011111010000000010111001110011111111110011110
111111111111111111111111111111111111111111111111111111111111111111111111111111111111111111111111110001101111000100011001010011111010011011110011101001111111011010100011000000011100100001011011000101101001100100100001011011000110100011111011111110011000001011111010000000010111001110011111111110011110
111111111111111111111111111111111111111111111111111111111111111111111111111111111111111111111111110001101111000100011001010011111010011011110011101001111111011010100011000000011100100001011011000101101001100100100001011011000110100011111011111110011000001011111010000000010111001110011111111110011110
