101111001101100011100010011100000101101000111011000101011010010000100101000101101110000111011110100100010111000110010010000110111001101001001000011000101000111001001000111011101011010100000110110111000101011110011101111110100011001101100001000001110010001110011000101001010110000100001001111000100111
101111010011000110100110100010000101010010000001110111011010000001010111100101111000101011111111011100010110110110111011101110011001101000010010011001101011111000100010111001110011001101100000000101000100010000110101110100000001101101101000000001000110001111011001010001010100001110101011000000111111
111101011101000010100001110000000101110010010001010111000110100001010101000011100000110010011111011101000010110010011000100010111001111101001010011010111000111010111010111001111111000101010010101111000011010011110100110111000001000101001000100001000010011110011000101000110100111101101001111100111101
111101011101000010100001110000000101110010010001010111000110100001010101000011100000110010011111011101000010110010011000100010111001111101001010011010111000111010111010111001111111000101010010101111000011010011110100110111000001000101001000100001000010011110011000101000110100111101101001111100111101
111101011101000010100001110000000101110010010001010111000110100001010101000011100000110010011111011101000010110010011000100010111001111101001010011010111000111010111010111001111111000101010010101111000011010011110100110111000001000101001000100001000010011110011000101000110100111101101001111100111101
111111010110100111010101001110000000010000101000011000011100100111010110100100101110110110100001100101010101100100000111000100010000000001000110001010000001000010101010100000110001000011100101011000000111011101011001001101000010100001100011000010111101010100011000011000000000011001100001010110000110
111111010110100111010101001110000000010000101000011000011100100111010110100100101110110110100001100101010101100100000111000100010000000001000110001010000001000010101010100000110001000011100101011000000111011101011001001101000010100001100011000010111101010100011000011000000000011001100001010110000110
111111110011100111010001011000011000010010110000101010011100111111110011110010111101010110100000101011000000101000000010001000010100010110011001001001000000000101011101011110001000001110001011011000000110111101101000001110000010000001110010101000000000111101110010101000000010000001000100111010000011
111111111000000110000011100000000000101101101110010001010100011001111010010010011110111100011001111011000001111000111110001000100100000010000011000011000111100100100011001010010010010000010101100010000011100101110000001000010000110001011001001010100000110000001010010000100000101010000100001010110001
111111111111100011010100111110011001000000011000001011110101010000110111000110101101010010001001010110101101100100101000000100101000100111001111000001000100100111111001101110000110100100010101101010011001001001001011000011110010101000010001001000100001010110101001011000001010011010100001110100010101
111111111111100011010100111110011001000000011000001011110101010000110111000110101101010010001001010110101101100100101000000100101000100111001111000001000100100111111001101110000110100100010101101010011001001001001011000011110010101000010001001000100001010110101001011000001010011010100001110100010101
111111111111100011010100111110011001000000011000001011110101010000110111000110101101010010001001010110101101100100101000000100101000100111001111000001000100100111111001101110000110100100010101101010011001001001001011000011110010101000010001001000100001010110101001011000001010011010100001110100010101
111111111111100011010100111110011001000000011000001011110101010000110111000110101101010010001001010110101101100100101000000100101000100111001111000001000100100111111001101110000110100100010101101010011001001001001011000011110010101000010001001000100001010110101001011000001010011010100001110100010101
111111111111100011100011000011000101001101100110011110101010011001000011000101100001000011100011111111101000000111100001110110000001011001100000111111111101011011010101110111000010001101001101101011010110011011001100111010101001011100111001000001110010010101001001000001110010010100000111111101001001
111111111111100011100011000011000101001101100110011110101010011001000011000101100001000011100011111111101000000111100001110110000001011001100000111111111101011011010101110111000010001101001101101011010110011011001100111010101001011100111001000001110010010101001001000001110010010100000111111101001001
111111111111100110100010000000011101100010000000101101010011111011111110100001011011000000001110110010010001011011110110010110010001000111101111110001001011110011010100100011111010000010010111100000000100100010000110110100000001111100110011001001000011011001100000100000000100010101001000011111111011
111111111111100111110100010000001100101001101101111001000011110011001111111011010011000010101010110000111111101011101110000110011101100101101010111100001000011000010111000011111001110001011111001101001001110111101101001111100001010101111001000000100110001101011001111001110111001111100101110111101010
111111111111100111110100010000001100101001101101111001000011110011001111111011010011000010101010110000111111101011101110000110011101100101101010111100001000011000010111000011111001110001011111001101001001110111101101001111100001010101111001000000100110001101011001111001110111001111100101110111101010
111111111111100111111010110010000101001010000011010110000110111011001000010101100000111111111100111110001000011010100100011010100101110010000000100001101111011000000000011011100111001111100101110101011001001100101111001011111101111101101001100110001010110100101000010000110111101100000000000111111110
111111111111100111111010110010000101001010000011010110000110111011001000010101100000111111111100111110001000011010100100011010100101110010000000100001101111011000000000011011100111001111100101110101011001001100101111001011111101111101101001100110001010110100101000010000110111101100000000000111111110
111111111111100111111111001010001110110111010100111011100011101010110000111000110001000011110100110100101111001110001010000110011101111001000111001011001001010010000010010010011110101100010111110111000001011101100110011101100001001110101011101011101111101001101101100001101110100101101100011110111000
111111111111100111111111100111011000010111011010110000100000011011101110110100001001100101100011110111110000011101010000010000000100000001101101101001110011001111111011000111001001011001001110010000011110001100001010000111110110111011001001001011000001000101110000001001000101000001000010000101010011
111111111111110111111110111001000100100001000000101110111011010001101010101011001011111111111001001110010111000011011000000110100011100011111001001101001110111011101100010001100111111000000010000110000110111101011110101111110001101101100001000000100011111111000010010001111101110110101011000100000100
111111111111110111111110111111011001001001001101110100011001101001011111001111000011101001010011100111101011001000101111001000100111000011000110110000010001001011000000100011100011100011111010110101000001011110001011110110101000111010101001100010000100001100001011011001101100110110001111101111011101
111111111111110111111111101110010010000111001010011001100100011100111101010010001101001111111011011110010001001000001110000100101111000101000111000100010010001011011000101110101101100100011000001000010100111000000001111110110101011000001001101101000100100100011100110000100001001100000110111001000010
111111111111110111111111101110011011101011101010000011000000011100100001011011001101010001101010101111001100111001110011011100111011100011101110000000110110001101001000100001101110011010001010001010010100011111111001011000011100110001001011100011111000110100000100011010000101101110101001110101101111
111111111111110111111111111101011000111111010111111011111001110000000100100011001010100100010100100010110111111001101100101110011010011001111110100010100100001111011011111000110101101011010001111111001010000110101010101100000010001000011010000111010100000111011010111010110000110010101101101000001101
111111111111110111111111111101011000111111010111111011111001110000000100100011001010100100010100100010110111111001101100101110011010011001111110100010100100001111011011111000110101101011010001111111001010000110101010101100000010001000011010000111010100000111011010111010110000110010101101101000001101
111111111111110111111111111101011000111111010111111011111001110000000100100011001010100100010100100010110111111001101100101110011010011001111110100010100100001111011011111000110101101011010001111111001010000110101010101100000010001000011010000111010100000111011010111010110000110010101101101000001101
111111111111110111111111111110011001010101011010100110101100100100000100011001000101001010011001001100111010001000000101011010000111110100001010110100110111101001001111110011100010110100010001111100000100100110011011110011010111110001010010000111000000100110111100101000001001000101010001001101111010
111111111111110111111111111110011111000010000101110001101110011111010000001111101001110111000100101001101001100110000000111010010111110111000110110101011001010111101011010011101010101100010100011110001001111000000111101111000100000111001001000001010111110110101001101010000100010011110111101010100111
111111111111110111111111111111011101110011011010011000011011111001111001101101101100100111110111110101011011111101101111111100011011100110101101000100111100010100110011011010001001011110111111111100011001111111001100011110110111001101011011000111011110111000001000000011000011111000000000110100111110
111111111111110111111111111111011110101001000011010011101111010111110011011100111110110000110101010100010111101110100100011110111111100101010001100000101111011011011000010100010110111110111000101001000010111100111110011000110110011110100001000101011111000110001110000000101100101011110111100100100110
111111111111110111111111111111011111111111011000010110000111101001011011011110111111001100101001101100000110101000100000111000000110001111100011111110001110010001111011100110011001101001111110110000010010001111011101010100011110100100000000100001110010010100111011000001001011010111110010111010111101
111111111111110111111111111111011111111111011000010110000111101001011011011110111111001100101001101100000110101000100000111000000110001111100011111110001110010001111011100110011001101001111110110000010010001111011101010100011110100100000000100001110010010100111011000001001011010111110010111010111101
111111111111110111111111111111011111111111011000010110000111101001011011011110111111001100101001101100000110101000100000111000000110001111100011111110001110010001111011100110011001101001111110110000010010001111011101010100011110100100000000100001110010010100111011000001001011010111110010111010111101
111111111111110111111111111111011111111111011000010110000111101001011011011110111111001100101001101100000110101000100000111000000110001111100011111110001110010001111011100110011001101001111110110000010010001111011101010100011110100100000000100001110010010100111011000001001011010111110010111010111101
111111111111110111111111111111011111111111011000010110000111101001011011011110111111001100101001101100000110101000100000111000000110001111100011111110001110010001111011100110011001101001111110110000010010001111011101010100011110100100000000100001110010010100111011000001001011010111110010111010111101
111111111111110111111111111111011111111111101111111011101110111011010001001011011011111101011111011100010010110101101011101000110010111011111101011011011011111111100100000100110000001111110011100001001000110101101001101010111101011110011001101011101011010011110111100001100110100101100111010110000010
111111111111110111111111111111011111111111101111111011101110111011010001001011011011111101011111011100010010110101101011101000110010111011111101011011011011111111100100000100110000001111110011100001001000110101101001101010111101011110011001101011101011010011110111100001100110100101100111010110000010
111111111111110111111111111111011111111111101111111011101110111011010001001011011011111101011111011100010010110101101011101000110010111011111101011011011011111111100100000100110000001111110011100001001000110101101001101010111101011110011001101011101011010011110111100001100110100101100111010110000010
111111111111110111111111111111011111111111101111111011101110111011010001001011011011111101011111011100010010110101101011101000110010111011111101011011011011111111100100000100110000001111110011100001001000110101101001101010111101011110011001101011101011010011110111100001100110100101100111010110000010
111111111111110111111111111111011111111111101111111011101110111011010001001011011011111101011111011100010010110101101011101000110010111011111101011011011011111111100100000100110000001111110011100001001000110101101001101010111101011110011001101011101011010011110111100001100110100101100111010110000010
111111111111110111111111111111011111111111111110110100000011000010110101111000111110000010000101101000001010100011111000000100101010100000100101011000111010011011000000101110000110100001111011100101101011111000010000011010101001110111001010111001111111110001100010110001001110100011101011000000111111
111111111111110111111111111111011111111111111111111010111010011101100101011001110110101010111011110010010001110101000111111111100010110010001000001010011000111011011110100011001111101000100110100111010110001001001100100001110110111110010010010000101110110101100000100000110000001011000000001111110100
111111111111110111111111111111011111111111111111111010111010011101100101011001110110101010111011110010010001110101000111111111100010110010001000001010011000111011011110100011001111101000100110100111010110001001001100100001110110111110010010010000101110110101100000100000110000001011000000001111110100
111111111111110111111111111111011111111111111111111010111010011101100101011001110110101010111011110010010001110101000111111111100010110010001000001010011000111011011110100011001111101000100110100111010110001001001100100001110110111110010010010000101110110101100000100000110000001011000000001111110100
111111111111110111111111111111011111111111111111111010111010011101100101011001110110101010111011110010010001110101000111111111100010110010001000001010011000111011011110100011001111101000100110100111010110001001001100100001110110111110010010010000101110110101100000100000110000001011000000001111110100
111111111111110111111111111111011111111111111111111111000110011001001110101011011010001110010101111110111011001001010001000101011011110000000101101100111100111101110110110001001101001111110011111001001011010111000110000100011110010110101010010000010100000000010011111000100010000001100111111001001011
111111111111110111111111111111011111111111111111111111000110011001001110101011011010001110010101111110111011001001010001000101011011110000000101101100111100111101110110110001001101001111110011111001001011010111000110000100011110010110101010010000010100000000010011111000100010000001100111111001001011
111111111111110111111111111111011111111111111111111111001010001010111011100000011010011110101011100101101101011100110011001100000011111001110010010101101000111111100000011011011111110011000000010010110101011110001011111001000010010111111000111110011011111010000100000100100100000010100011110111110000
111111111111110111111111111111011111111111111111111111001010001010111011100000011010011110101011100101101101011100110011001100000011111001110010010101101000111111100000011011011111110011000000010010110101011110001011111001000010010111111000111110011011111010000100000100100100000010100011110111110000
111111111111110111111111111111011111111111111111111111001010001010111011100000011010011110101011100101101101011100110011001100000011111001110010010101101000111111100000011011011111110011000000010010110101011110001011111001000010010111111000111110011011111010000100000100100100000010100011110111110000
111111111111110111111111111111011111111111111111111111011111110000011111101011100110100111000001111001001001110110101001110110110011011101010101101000101111111011001100000011001000100110001000111010100000111101011010010001111011110101010000111011011011001000000001010100001011111111100001111010010110
111111111111110111111111111111011111111111111111111111011111110000011111101011100110100111000001111001001001110110101001110110110011011101010101101000101111111011001100000011001000100110001000111010100000111101011010010001111011110101010000111011011011001000000001010100001011111111100001111010010110
111111111111110111111111111111011111111111111111111111111011110110110101011111111011000111101101001100010000001111000101001011010011100101010111010100000101111101101010111101101000111101001001011000000000010111110001011111111011011101111011101011011001011000111001101110110010100000101010101010101011
111111111111110111111111111111011111111111111111111111111011110110110101011111111011000111101101001100010000001111000101001011010011100101010111010100000101111101101010111101101000111101001001011000000000010111110001011111111011011101111011101011011001011000111001101110110010100000101010101010101011
111111111111111111111111111111011111111111111111111111111010100000001001110001011011000101111111100011101011101101100011111000001111111110110011100011000101110111101000010000000100000011110110110010101111111101010101000001001101100111010000101000000101010001110001000010110100110011001010011100110101
111111111111111111111111111111011111111111111111111111111010100000001001110001011011000101111111100011101011101101100011111000001111111110110011100011000101110111101000010000000100000011110110110010101111111101010101000001001101100111010000101000000101010001110001000010110100110011001010011100110101
111111111111111111111111111111011111111111111111111111111010100000001001110001011011000101111111100011101011101101100011111000001111111110110011100011000101110111101000010000000100000011110110110010101111111101010101000001001101100111010000101000000101010001110001000010110100110011001010011100110101
111111111111111111111111111111011111111111111111111111111010100000001001110001011011000101111111100011101011101101100011111000001111111110110011100011000101110111101000010000000100000011110110110010101111111101010101000001001101100111010000101000000101010001110001000010110100110011001010011100110101
111111111111111111111111111111011111111111111111111111111000010011000111001100111001111111110000000001011111100010110010010000011111100110001100010011100101001101010100111110101010100111001110101010000011100111110100110000010000001000101000000110011010101111000011001010110110011011000101110011111101
111111111111111111111111111111011111111111111111111111111101111100100000110101000100011100101100100111011011100100111100000001011010111111000001101111011100001011100011100001101000000000011110101000010001011111010000110100011011001011111010101001000001000011100000000100010100010111000011100111111010
111111111111111111111111111111011111111111111111111111111001011010110100101100101111000000100100010101010011100111001101011010100111010011011101111111101101001100101010101100111111111101001110011100110100011000100000000101001011110001010000100010100010010101100100000110111000101100100001111111011000
111111111111111111111111111111011111111111111111111111111101111010110100111001111001000100001000110000001011000111111010110001011010110111110000001101010100010010101010011001100000100000111011101010100010010001000010101110011010011111111001110101011100011000110100110001011110010110111011000111100001
111111111111111111111111111111011111111111111111111111111101111010110100111001111001000100001000110000001011000111111010110001011010110111110000001101010100010010101010011001100000100000111011101010100010010001000010101110011010011111111001110101011100011000110100110001011110010110111011000111100001
111111111111111111111111111111011111111111111111111111111101111010110100111001111001000100001000110000001011000111111010110001011010110111110000001101010100010010101010011001100000100000111011101010100010010001000010101110011010011111111001110101011100011000110100110001011110010110111011000111100001
111111111111111111111111111111011111111111111111111111111101101110011011001000100001000101000011111111000010101000011101100101001001001110111110111110110000100110011000001111110000111011111011100001111001110001111000010011000011001001001011011010001111011000111100101110011110001100101101000010010110
111111111111111111111111111111011111111111111111111111111111100000010011001110101101011010000111010000011110000011110100100010000000111011110010010001011101000000101101111010110011110110110100101010000110001100111000011000110111111011010000101110110110101100011001010010111001001000010010011101110110
111111111111111111111111111111011111111111111111111111111111111000111111000010101001111101010110110001110100001110100000010001100111110000001100110100100101010101001011100010001000101010100101111100001010110100000111001010011111001100011010001101111011101001110111001010001111010001100111110111110000
111111111111111111111111111111011111111111111111111111111111111000111111000010101001111101010110110001110100001110100000010001100111110000001100110100100101010101001011100010001000101010100101111100001010110100000111001010011111001100011010001101111011101001110111001010001111010001100111110111110000
111111111111111111111111111111011111111111111111111111111111111000111111000010101001111101010110110001110100001110100000010001100111110000001100110100100101010101001011100010001000101010100101111100001010110100000111001010011111001100011010001101111011101001110111001010001111010001100111110111110000
111111111111111111111111111111011111111111111111111111111111111000111111000010101001111101010110110001110100001110100000010001100111110000001100110100100101010101001011100010001000101010100101111100001010110100000111001010011111001100011010001101111011101001110111001010001111010001100111110111110000
111111111111111111111111111111011111111111111111111111111111111111100011010110100101001100111101011001110100111101111110110110000001010100101110100011110100010110010100001010010110011011010010110100000100101101011011101100010110000111100011011010111110001000001110101111010101100101010010000010010011
111111111111111111111111111111011111111111111111111111111111111111110011001101101110100001101100000001000111011000100100010001011111100110010011100111110010010011111011101000011111011110011110011110101000010111001101011000010100000110010001101110111001110011011011001010010011011111011010101101100011
111111111111111111111111111111011111111111111111111111111111111111110011001101101110100001101100000001000111011000100100010001011111100110010011100111110010010011111011101000011111011110011110011110101000010111001101011000010100000110010001101110111001110011011011001010010011011111011010101101100011
111111111111111111111111111111011111111111111111111111111111111011110001011100001001000100100010010100110000011001010111110100000100101100111011110001101010001001011011000101010001011100011110100001100101101010000110000111111011101000111011110010111000011011111011101101010001111001010100010110111011
111111111111111111111111111111011111111111111111111111111111111011110001011100001001000100100010010100110000011001010111110100000100101100111011110001101010001001011011000101010001011100011110100001100101101010000110000111111011101000111011110010111000011011111011101101010001111001010100010110111011
111111111111111111111111111111011111111111111111111111111111111010110110010101100011001100111010011101010111110101101101111010010111001000111110110011011011110001111110111110011101010101100001011110010101001100011000101100000110010101000001010000000011101100001100100111100100001001010011100001001011
111111111111111111111111111111011111111111111111111111111111111011111111100111001010100101111010101100001100011001100110111000100101000100011011010100010111101110110001101011011110001011001110100001100001100111101100111100000011010011111001000000111110111110000111011011001001010001010001100111010001
111111111111111111111111111111011111111111111111111111111111111011111111100111001010100101111010101100001100011001100110111000100101000100011011010100010111101110110001101011011110001011001110100001100001100111101100111100000011010011111001000000111110111110000111011011001001010001010001100111010001
111111111111111111111111111111011111111111111111111111111111111111111001000000100000011010100100110001111100111101111100110111001001001111011010011000001100110000001100111100010110100000001111011110101000100001111101101100010001001111110010111101010100011001100101100011101100001110100001101100111000
111111111111111111111111111111011111111111111111111111111111111111111001000000100000011010100100110001111100111101111100110111001001001111011010011000001100110000001100111100010110100000001111011110101000100001111101101100010001001111110010111101010100011001100101100011101100001110100001101100111000
111111111111111111111111111111011111111111111111111111111111111111111001000000100000011010100100110001111100111101111100110111001001001111011010011000001100110000001100111100010110100000001111011110101000100001111101101100010001001111110010111101010100011001100101100011101100001110100001101100111000
111111111111111111111111111111011111111111111111111111111111111111111001100010100001000000100100101110011000111000011010010101110101101011110111000111101101110100001111001001010101100111101110110001111100000010100110010101110011100110110000100001000101110000010110001111000110111101100001100100010010
111111111111111111111111111111011111111111111111111111111111111111111011110111101001001101001110111111111001100001110111011001111000001010010100000110000011111000001110111000111100010101010101000101100011000110111101100111001001010110111010001001101101110000010111101110011100000101000111111010100010
111111111111111111111111111111011111111111111111111111111111111111111111110000101011111100110000111010010001111101001000111000001000110010000000010011001000001111000101111010111110011100010110001101100011000100110011110110001011100011001010111110011000101100010100101111101010001110011001011000110001
111111111111111111111111111111011111111111111111111111111111111111111111110000101011111100110000111010010001111101001000111000001000110010000000010011001000001111000101111010111110011100010110001101100011000100110011110110001011100011001010111110011000101100010100101111101010001110011001011000110001
111111111111111111111111111111011111111111111111111111111111111111111111110000101011111100110000111010010001111101001000111000001000110010000000010011001000001111000101111010111110011100010110001101100011000100110011110110001011100011001010111110011000101100010100101111101010001110011001011000110001
111111111111111111111111111111011111111111111111111111111111111111111111111101010101110111111000100111111011011111101100010011001100100111100101010101001110101110100011010111011001111110000100000000111001111010001010110010111101100010110010101010010110001001111100001101010010110001011100010100101001
111111111111111111111111111111011111111111111111111111111111111111111111111001001010010011111010100101001111111000000001011001100101101001110101011111111100100010011010000010101111011111010100000010000001010010001111001001011100110010110010110010111011110001000111100110011100110101111111101100000110
111111111111111111111111111111011111111111111111111111111111111111111111111001001010010011111010100101001111111000000001011001100101101001110101011111111100100010011010000010101111011111010100000010000001010010001111001001011100110010110010110010111011110001000111100110011100110101111111101100000110
111111111111111111111111111111011111111111111111111111111111111111111111111111011111000011100110010111010011110110010011101110000010001000010100011000010111101000111100001111111111011010011001001010011000111010101001011100101001110000111011110111110101011111001110111100100011110101011101010000001001
111111111111111111111111111111011111111111111111111111111111111111111111111111011111000011100110010111010011110110010011101110000010001000010100011000010111101000111100001111111111011010011001001010011000111010101001011100101001110000111011110111110101011111001110111100100011110101011101010000001001
111111111111111111111111111111011111111111111111111111111111111111111111111111011111000011100110010111010011110110010011101110000010001000010100011000010111101000111100001111111111011010011001001010011000111010101001011100101001110000111011110111110101011111001110111100100011110101011101010000001001
111111111111111111111111111111011111111111111111111111111111111111111111111111011111101000001010001110111110111111010000011110010110101000110110111100001111010100101001110111000011101010111011011010010100000110011101000000001110110111111010011010000110101111011110000010111011010111010001100000011000
111111111111111111111111111111011111111111111111111111111111111111111111111111100011101100011101111110100111111110100011111000111010000011100011110101010100011010110111110110000101110010110101011101010001111001100011011000000001010101001010100100001001100010100110001110010001100100110101011100111001
111111111111111111111111111111011111111111111111111111111111111111111111111111110001010110100001110010100110110100111101000010010101010011000011000101010000100111000001011000001001000011010111000101101110010011000001110101001111101010001010010000010111011010101101000000010001100001110110100110001001
111111111111111111111111111111011111111111111111111111111111111111111111111111110001010110100001110010100110110100111101000010010101010011000011000101010000100111000001011000001001000011010111000101101110010011000001110101001111101010001010010000010111011010101101000000010001100001110110100110001001
111111111111111111111111111111011111111111111111111111111111111111111111111111111110100011001110110101010010101110100101110011110100110111010110110000110111001001011110101110101101101111010011011001000011000001011111101010110010000000001001100000101110010100111110000111110100110100110110010010001000
111111111111111111111111111111011111111111111111111111111111111111111111111111111110100011001110110101010010101110100101110011110100110111010110110000110111001001011110101110101101101111010011011001000011000001011111101010110010000000001001100000101110010100111110000111110100110100110110010010001000
111111111111111111111111111111011111111111111111111111111111111111111111111110101110110111001111101111011100101010001000100100110100111010011111011010111001100001111111110111100101011011111011101111000000100000010010101100000110001010111000101000000010110110000010110001110011110011111010100010010100
111111111111111111111111111111011111111111111111111111111111111111111111111111111110010000110111011000000100000111100101001111000011110101000011011011000100000111010001011100111110100001111110000111110010110110111101111100111000011000101011010000000111000000011110100111110011110001101100001100010110
111111111111111111111111111111011111111111111111111111111111111111111111111111111110010000110111011000000100000111100101001111000011110101000011011011000100000111010001011100111110100001111110000111110010110110111101111100111000011000101011010000000111000000011110100111110011110001101100001100010110
111111111111111111111111111111011111111111111111111111111111111111111111111111111110111111001111001000100010100011110110111011111101000011000000010100101010101010010111101011000011000100111010010010000010010110100100100010111011111001100010100010001110111100001110111001100001101100011100100110011100
111111111111111111111111111111011111111111111111111111111111111111111111111111111111110111101000111101110001100010101010101111100000110111110000101011101100111100010011011010101010110101100111101011110011101101100100010111010101111100010001110101000100100011000110111001101100010110110010011001010010
111111111111111111111111111111011111111111111111111111111111111111111111111111111101110101110101000111001110001010100000001000001001010110111010001011100100101010010010000111111000100011101110110011100110001101110001110111010110011000100001111101101100011100100001000011000001001100010001010101100110
111111111111111111111111111111011111111111111111111111111111111111111111111111111101110101110101000111001110001010100000001000001001010110111010001011100100101010010010000111111000100011101110110011100110001101110001110111010110011000100001111101101100011100100001000011000001001100010001010101100110
111111111111111111111111111111011111111111111111111111111111111111111111111111111101110101110101000111001110001010100000001000001001010110111010001011100100101010010010000111111000100011101110110011100110001101110001110111010110011000100001111101101100011100100001000011000001001100010001010101100110
111111111111111111111111111111011111111111111111111111111111111111111111111111111110011110011011110001001111000110100011000111010110011100101000001110101011100100010011010010101101011110000100000100010100111110001000111001111010100010001011101101100001001010110100010110101101011001010010111001011111
111111111111111111111111111111011111111111111111111111111111111111111111111111111110011110101001010111000111000100011110100010011101110101011110110101010100100100100111100111010100001100001000010010011101011101111110100010101101011000000001010000110011000000001111011010011101111100101000001011101001
111111111111111111111111111111011111111111111111111111111111111111111111111111111111110011110000110101001101101101001000000111001100010011101110000100111110011100101000110100110000101010101010011010000001000110100001111110001010110101101000101110000110111110100111110010011110110011110001110111000110
111111111111111111111111111111011111111111111111111111111111111111111111111111111111110011110000110101001101101101001000000111001100010011101110000100111110011100101000110100110000101010101010011010000001000110100001111110001010110101101000101110000110111110100111110010011110110011110001110111000110
111111111111111111111111111111011111111111111111111111111111111111111111111111111111110011110000110101001101101101001000000111001100010011101110000100111110011100101000110100110000101010101010011010000001000110100001111110001010110101101000101110000110111110100111110010011110110011110001110111000110
111111111111111111111111111111011111111111111111111111111111111111111111111111111111111011000000101101011100110001000110000100111011110010010011011010000101000100000111010000110010011101010011110011010110011000111101011010100010110010101000010111101101001101001001011001010110111100001010101000001110
111111111111111111111111111111011111111111111111111111111111111111111111111111111111111110010010101101110000010101110000110010000111101110010000010001101010011110101111000000001110100010110000111001100000001100011000000110111100010110011011001111101110001101100011111101100000111000000000101010101011
111111111111111111111111111111011111111111111111111111111111111111111111111111111111111110010010101101110000010101110000110010000111101110010000010001101010011110101111000000001110100010110000111001100000001100011000000110111100010110011011001111101110001101100011111101100000111000000000101010101011
111111111111111111111111111111011111111111111111111111111111111111111111111111111111111110010010101101110000010101110000110010000111101110010000010001101010011110101111000000001110100010110000111001100000001100011000000110111100010110011011001111101110001101100011111101100000111000000000101010101011
111111111111111111111111111111011111111111111111111111111111111111111111111111111111111110010010101101110000010101110000110010000111101110010000010001101010011110101111000000001110100010110000111001100000001100011000000110111100010110011011001111101110001101100011111101100000111000000000101010101011
111111111111111111111111111111011111111111111111111111111111111111111111111111111111111111001111111101000111010000011110101111111100010101110110010110111011010111110101111001000010010000111111101001100101110101111010001011111000110100110000110100111000010110011101101000011110111010100111001010010101
111111111111111111111111111111011111111111111111111111111111111111111111111111111111111111001111111101000111010000011110101111111100010101110110010110111011010111110101111001000010010000111111101001100101110101111010001011111000110100110000110100111000010110011101101000011110111010100111001010010101
111111111111111111111111111111011111111111111111111111111111111111111111111111111111110111010100001010100011100010111011101011001001000011010111100101110110001011110010101000000001110111101011000010000001110110101010101110010101010011001001010010111101100010110000110001111111111100011010101100001110
111111111111111111111111111111011111111111111111111111111111111111111111111111111111110110010011011010110000010111101101010011010110100101111111001101000110110111001010111110001000111110100011010011000000111111010110100100111110111110111000111011000011000101110010101011110000100111100010001111001100
111111111111111111111111111111011111111111111111111111111111111111111111111111111111110110010011011010110000010111101101010011010110100101111111001101000110110111001010111110001000111110100011010011000000111111010110100100111110111110111000111011000011000101110010101011110000100111100010001111001100
111111111111111111111111111111011111111111111111111111111111111111111111111111111111110110010011011010110000010111101101010011010110100101111111001101000110110111001010111110001000111110100011010011000000111111010110100100111110111110111000111011000011000101110010101011110000100111100010001111001100
111111111111111111111111111111011111111111111111111111111111111111111111111111111111110110000011000010111110101011100110110111001011011011101010100001111110111010011010110000000000100000101110001001010010010100000000000010110111101101110010101011000000111110011101001100110001111110000100110101111010
111111111111111111111111111111011111111111111111111111111111111111111111111111111111111110010100110000111111011100011111111011100000010000110101001000101111011100110101110100111110110011000100100110001101100111100001100001010111000110011010010011111111000011100011110110000000001111000011101000010001
111111111111111111111111111111011111111111111111111111111111111111111111111111111111111110010100110000111111011100011111111011100000010000110101001000101111011100110101110100111110110011000100100110001101100111100001100001010111000110011010010011111111000011100011110110000000001111000011101000010001
111111111111111111111111111111011111111111111111111111111111111111111111111111111111111111101111111100011100101001100001011010010010011110000110101111010001101110101110110011011110001001001101101001010100100001110111100110110010001011001011111100000000111100001111011110111111101110000000101000111101
111111111111111111111111111111011111111111111111111111111111111111111111111111111111111111111100101100110100001011111101110001001111010011000010000001011111010111100110010101001100010101110111001001111010110110110000001101111111001111101011001101011011110010000110001011000001011010110100100111001011
111111111111111111111111111111011111111111111111111111111111111111111111111111111111111111101111111100011100101001100001011010010010011110000110101111010001101110101110110011011110001001001101101001010100100001110111100110110010001011001011111100000000111100001111011110111111101110000000101000111101
111111111111111111111111111111011111111111111111111111111111111111111111111111111111111111101111111100011100101001100001011010010010011110000110101111010001101110101110110011011110001001001101101001010100100001110111100110110010001011001011111100000000111100001111011110111111101110000000101000111101
111111111111111111111111111111111111111111111111111111111111111111111111111111111111111111101110101101110110010100100011101001111110001110000111001010000010100011110010111001101000100101101110001000001001011001001001101010110011001011011010001010011111011110101001010110010011101111111111001101011101
111111111111111111111111111111111111111111111111111111111111111111111111111111111111111111101110101101110110010100100011101001111110001110000111001010000010100011110010111001101000100101101110001000001001011001001001101010110011001011011010001010011111011110101001010110010011101111111111001101011101
111111111111111111111111111111111111111111111111111111111111111111111111111111111111111111110000001100000111110000011110100100000111111011010110111010111010011010000100001001100101010001010010101101111101101010111111111100000000111110010001011001111101010000100010110011110101100110000100001101000101
111111111111111111111111111111111111111111111111111111111111111111111111111111111111111111011100001001001010000111110001100001100001000101011100110110111010111010000010000110110000000100110011001000101110000001011100110110100111001111110001110110111011110000100101010001011010111001001101101000010111
111111111111111111111111111111111111111111111111111111111111111111111111111111111111111111010001100100010110110100100011111011101111110110001001011111011110111011101010001100111100011110100100001011100011000101100110100101101000100100100011101110111110011100101111101011010010110111111001011101101110
111111111111111111111111111111111111111111111111111111111111111111111111111111111111111111010001100100010110110100100011111011101111110110001001011111011110111011101010001100111100011110100100001011100011000101100110100101101000100100100011101110111110011100101111101011010010110111111001011101101110
111111111111111111111111111111111111111111111111111111111111111111111111111111111111111111010100101000111101101010001110100001111111010011111111101010100001100001101111001100011101110011110110010100001010111010000010011000011011101001110010110000001010010100011011101111001110101000011000110100010101
111111111111111111111111111111111111111111111111111111111111111111111111111111111111111111011110100111001001111101111011000110010111110000000110010001001101111000001100110001110111110100011001110001101010100010000010001001110100000101010000110011010010111001110010101011101101101101101100010011001001
111111111111111111111111111111111111111111111111111111111111111111111111111111111111111110101000101100010001011111010111110101101010010001101111100001110001110000110010110011001001110110000010111000001101010010000111100000110011100110001010111001010111010100101011011000010000111111000000100000011001
111111111111111111111111111111111111111111111111111111111111111111111111111111111111111111100110101101010100001111010011101000000101100001111001001011100110010000001000001110000001011100000100110100010001100001001100001011110001111110100001110000110011111001010110100100111011101000111110001011011001
111111111111111111111111111111111111111111111111111111111111111111111111111111111111111111011001010010010110111110100000001110111111001110111000010111001110110010001011101000010100110111011010110100011111101111000001010111110110001110111000010011010001101001100111110010100000111110011000100111111000
111111111111111111111111111111111111111111111111111111111111111111111111111111111111111111111100001101000110111100000011000101111111000110110001010110011100100110101110001010010011101110001110011110110010000011111101100000100011001011101000111001001100110011111001101001100001011011000010011101100100
111111111111111111111111111111111111111111111111111111111111111111111111111111111111111111111100001101000110111100000011000101111111000110110001010110011100100110101110001010010011101110001110011110110010000011111101100000100011001011101000111001001100110011111001101001100001011011000010011101100100
111111111111111111111111111111111111111111111111111111111111111111111111111111111111111111100001111101001001100111100011011011110010001011101001000011010101010100011001001101110101010110001110111001011111001001100001100111000010011100111010000100111101010100010100110100000111000010100110101110011000
111111111111111111111111111111111111111111111111111111111111111111111111111111111111111111110010000010011001000111111100011011111011111101100111000010000010011000011110100101000111100001010101110011100111011111111101011001101010001100101001101000101000011100101001001100101011001001000101001001101111
111111111111111111111111111111111111111111111111111111111111111111111111111111111111111111110101010100010011011010011110111111010010100010100111100110111110001110100100010000010000000111000101011100100001001011111110111001111110110011001001011101001101010010101110100000100010010100010001001011010010
111111111111111111111111111111111111111111111111111111111111111111111111111111111111111111110101010100010011011010011110111111010010100010100111100110111110001110100100010000010000000111000101011100100001001011111110111001111110110011001001011101001101010010101110100000100010010100010001001011010010
111111111111111111111111111111111111111111111111111111111111111111111111111111111111111111101100100110010011001100001111011010000011111011001110111111110000001100110001000000001110010001010011110101010011111100100011001101101111111010100010111011101011011111001010110000010100011110010110010001100110
111111111111111111111111111111111111111111111111111111111111111111111111111111111111111111100110101011000011111010000001111111011011010100101001100111101001000010100011111000100010110000011110010110011001011101100010000111010110100011011010110001011000011010010011011000001110011111110010101100100101
111111111111111111111111111111111111111111111111111111111111111111111111111111111111111111100100101000101100000011000001100010011010010111001101010011000101010001011011100101011011100011100110000110011100010010010011000000001110100100100011010001110001011000111100100101101011011001000101001110100101
111111111111111111111111111111111111111111111111111111111111111111111111111111111111111110111011001010100100111100001001011000101101100010101011100000001111000101001000010111100000101100010011011110010010111011010001101000000100010011101001100000011011011110001001111010101001011001111100110010001011
111111111111111111111111111111111111111111111111111111111111111111111111111111111111111111101010100111111000111001111001000010000010011010011001101001010111100101111101111110011110110100000110000111001011001000010110001101000010111011100000011010110111111110101010000001110101000110101100110101101010
111111111111111111111111111111111111111111111111111111111111111111111111111111111111111111011110011101101011100010100100000001010010000100110011000111101110100011100000001011001001100100101100010111100000101011000111101110011011101011010000011111011000100011101100111000001000100101011001110111011011
111111111111111111111111111111111111111111111111111111111111111111111111111111111111111110110101110100011000100110000001011111101000100111110000001111010110100001100100000110011001100010111100001011100101101110110110001110011001011001010001101001000010000000000101111011011111110000010111011011000000
111111111111111111111111111111111111111111111111111111111111111111111111111111111111111101111111111001100111011010100010010110000101001110101110000111010010101000000101111111100000001111011110111010110000000101011000101011010000111001001011001001000010011001100101111100101000101100101000000111001111
111111111111111111111111111111111111111111111111111111111111111111111111111111111111111110111000111100110010100101010000011100000010101001110011111001010110100100011001001101001100001100011000100110110000111100001101101011100110101011000001011001011011010000111010111111100000000111100000101111011000
111111111111111111111111111111111111111111111111111111111111111111111111111111111111111110111000111100110010100101010000011100000010101001110011111001010110100100011001001101001100001100011000100110110000111100001101101011100110101011000001011001011011010000111010111111100000000111100000101111011000
111111111111111111111111111111111111111111111111111111111111111111111111111111111111111110011111011001001000111110011010100011110100001000011011000110000001100001011110010100111011011011000111000101000001100010111011011000100100110001001011111111101100000101000111000010100001001100001000011001010010
111111111111111111111111111111111111111111111111111111111111111111111111111111111111111111111001100100010000111100011011011110110011011000010000001101100110010001000110010111011111100010111111111100110111100100000110110110011110000110101001110110000110000110111011100001010101111111110110001101011100
111111111111111111111111111111111111111111111111111111111111111111111111111111111111111101011000010111111110000100101000000110010001111111100010010001110000111100001100101100101011110010110000011100111101111100101010101100000100110101100010110001010011001111111100001000101000101110111111000100000101
111111111111111111111111111111111111111111111111111111111111111111111111111111111111111101011010111001100010011110110000000100011010101110000000111110101100010110001011001000111110000010011100100110110000001111000000100001011111110111110000111111011110010001110101100111010111111101100011101111110110
111111111111111111111111111111111111111111111111111111111111111111111111111111111111111101110100101011111110001111111110011001111101101000111011000010000000000111011100000001101100111101111011010000101110001100101111001111001011101000001001101001101010000000011011011000000101011010111100000010011000
111111111111111111111111111111111111111111111111111111111111111111111111111111111111111111101011011000000011111101100011001110110101000000111000000011100111101100010100001001001001100010001111100010100000100010101010001100000111010010111000101101111100001111101111010010101100100000011011100011111101
111111111111111111111111111111111111111111111111111111111111111111111111111111111111111110110111111101001100011100110101011111000101100000100101101110001011001110111000111000010101111001100100001100010111010100000001100111001001001000001000101110101011010100001011010101010110101000110111111011011010
111111111111111111111111111111111111111111111111111111111111111111111111111111111111111111101000100001010101011110101010011101011000111001100110111001011111011001111001110110000101000101111000010010010001000100111000100000010011111100011010100101011011010111110000100110110110000011010100111011001001
111111111111111111111111111111111111111111111111111111111111111111111111111111111111111110111001101011011001000011010010100010011101011111001110111001101101110000101101111110010001001110100000010110100011010111010100101111111011100101010000000101011100111100001001001101110110110101010111001100111010
111111111111111111111111111111111111111111111111111111111111111111111111111111111111111110111001101011011001000011010010100010011101011111001110111001101101110000101101111110010001001110100000010110100011010111010100101111111011100101010000000101011100111100001001001101110110110101010111001100111010
111111111111111111111111111111111111111111111111111111111111111111111111111111111111111110111001101011011001000011010010100010011101011111001110111001101101110000101101111110010001001110100000010110100011010111010100101111111011100101010000000101011100111100001001001101110110110101010111001100111010
111111111111111111111111111111111111111111111111111111111111111111111111111111111111111111110110011111100001011100111100101110000101011000001110001010001011011110111111011111000111111000110000001100011011110011001110010011100100001101000010000000111000001010100001000110110010010000010101101010001100
111111111111111111111111111111111111111111111111111111111111111111111111111111111111111111111011010110001110100100000101011110100110100000101110001010011110011001110101011010111000011101011100110101011010111110100011110100000011010111010000000001100111000011000111111101011100100001010100011111000000
111111111111111111111111111111111111111111111111111111111111111111111111111111111111111111111110001010101100110011001010100100000101000100010010110101100011011000101111101110110010111011001110010011110001101110110010110100001110001110101000101001001011000001111010111110110111100100010000100111011011
111111111111111111111111111111111111111111111111111111111111111111111111111111111111111111110110011111100001011100111100101110000101011000001110001010001011011110111111011111000111111000110000001100011011110011001110010011100100001101000010000000111000001010100001000110110010010000010101101010001100
111111111111111111111111111111111111111111111111111111111111111111111111111111111111111111110110011111100001011100111100101110000101011000001110001010001011011110111111011111000111111000110000001100011011110011001110010011100100001101000010000000111000001010100001000110110010010000010101101010001100
111111111111111111111111111111111111111111111111111111111111111111111111111111111111111111111101100000111111011101111101111011101111101111101000000110110010010010111000111111110001100110001100110100110000100100111101111011100000111111100000000111001100110111010111100000000011100100100001100001000001
111111111111111111111111111111111111111111111111111111111111111111111111111111111111111111111101100000111111011101111101111011101111101111101000000110110010010010111000111111110001100110001100110100110000100100111101111011100000111111100000000111001100110111010111100000000011100100100001100001000001
111111111111111111111111111111111111111111111111111111111111111111111111111111111111111111111110110100111111011111010010100110000010111110000110110111101111011101111101000100011010111000001101011101100011000100111011111101001100111111101010110010010111101001101100001001101010101111100011101110100000
111111111111111111111111111111111111111111111111111111111111111111111111111111111111111111111110110100111111011111010010100110000010111110000110110111101111011101111101000100011010111000001101011101100011000100111011111101001100111111101010110010010111101001101100001001101010101111100011101110100000
111111111111111111111111111111111111111111111111111111111111111111111111111111111111111111111110110100111111011111010010100110000010111110000110110111101111011101111101000100011010111000001101011101100011000100111011111101001100111111101010110010010111101001101100001001101010101111100011101110100000
111111111111111111111111111111111111111111111111111111111111111111111111111111111111111111110110100100111001000000001011000000101111111110010101000111110111001101010110100111111100100101101010001110110110100011011101010100000111101010100010101010110000000010011001010100010111101001101010110111010110
111111111111111111111111111111111111111111111111111111111111111111111111111111111111111111110110100100111001000000001011000000101111111110010101000111110111001101010110100111111100100101101010001110110110100011011101010100000111101010100010101010110000000010011001010100010111101001101010110111010110
111111111111111111111111111111111111111111111111111111111111111111111111111111111111111111111111110000101011101111110110010001101110100111100001110111100111101001110100110101011011101011010010001010100011001011100010100111110010001001100001011111000101001011000011110100010110110111001110001001011101
111111111111111111111111111111111111111111111111111111111111111111111111111111111111111111111010010111010001100100001110000101100111100101000110000101100110111011000111111001101010010000011010101110100101001011100000100000011100110111111001011101100001000001000110100101011000001011110101101100011100
111111111111111111111111111111111111111111111111111111111111111111111111111111111111111111111011101010101010001011110001101000001111010011101000011001000101011110101111100010111000101000011011001101000001001011001010110110110010101100011000010100111111101101101010001100001101011110010110000101011000
111111111111111111111111111111111111111111111111111111111111111111111111111111111111111111111011101010101010001011110001101000001111010011101000011001000101011110101111100010111000101000011011001101000001001011001010110110110010101100011000010100111111101101101010001100001101011110010110000101011000
111111111111111111111111111111111111111111111111111111111111111111111111111111111111111111111001111101011101100011001100001001010101011011110111110001001000101111100101100000101010101000101000101010000111100110010101001111100110101011101011000101100100101111011110001011100110101101000101001100001101
111111111111111111111111111111111111111111111111111111111111111111111111111111111111111111111001111101011101100011001100001001010101011011110111110001001000101111100101100000101010101000101000101010000111100110010101001111100110101011101011000101100100101111011110001011100110101101000101001100001101
111111111111111111111111111111111111111111111111111111111111111111111111111111111111111111111111011100011100010011110111010111110100000111111100011000001001011011100110111110011100010100001000000110100011011110111100101110001000001111010010101110110010100010000000110111001111111000110001000000110010
111111111111111111111111111111111111111111111111111111111111111111111111111111111111111111111111011100011100010011110111010111110100000111111100011000001001011011100110111110011100010100001000000110100011011110111100101110001000001111010010101110110010100010000000110111001111111000110001000000110010
111111111111111111111111111111111111111111111111111111111111111111111111111111111111111111111111011100011100010011110111010111110100000111111100011000001001011011100110111110011100010100001000000110100011011110111100101110001000001111010010101110110010100010000000110111001111111000110001000000110010
111111111111111111111111111111111111111111111111111111111111111111111111111111111111111111111111011100011100010011110111010111110100000111111100011000001001011011100110111110011100010100001000000110100011011110111100101110001000001111010010101110110010100010000000110111001111111000110001000000110010
111111111111111111111111111111111111111111111111111111111111111111111111111111111111111111011111110010000010101001011001100101011000001101110110000111000101100110111110010111100110000010001111100101001000111111101101101011010010101000111001010001110111000000001100000101101001001110010010011000100101
111111111111111111111111111111111111111111111111111111111111111111111111111111111111111111011111110010000010101001011001100101011000001101110110000111000101100110111110010111100110000010001111100101001000111111101101101011010010101000111001010001110111000000001100000101101001001110010010011000100101
111111111111111111111111111111111111111111111111111111111111111111111111111111111111111111111110111011100011101011111101000000111110101011011101000011000111010001111000100101010011100101100111110000010000111000101110101011000000010110111001110101100010000001110110011000110100110100101101110010011010
111111111111111111111111111111111111111111111111111111111111111111111111111111111111111111111110111011100011101011111101000000111110101011011101000011000111010001111000100101010011100101100111110000010000111000101110101011000000010110111001110101100010000001110110011000110100110100101101110010011010
111111111111111111111111111111111111111111111111111111111111111111111111111111111111111111111110001011110101011110110001100111010011110111111101110001001111010110000011000010000011110101001100100101101110110100000011010001011101101101011010000000011010100011001111010101111101010000100110110110111000
111111111111111111111111111111111111111111111111111111111111111111111111111111111111111111111111000110000011011100111001111100001011010101111101011110011011010101100100000011101011001011101110001001001011101101010000101100011110001101100000001100010010010111001011011111011110001010000100001111101010
111111111111111111111111111111111111111111111111111111111111111111111111111111111111111111111111000110000011011100111001111100001011010101111101011110011011010101100100000011101011001011101110001001001011101101010000101100011110001101100000001100010010010111001011011111011110001010000100001111101010
111111111111111111111111111111111111111111111111111111111111111111111111111111111111111111111111111010001101000100101001100010000001110000110000010000100000111000001000010001010010100101011010010100100111001000101101000100100011110110111011001100001111001110100100000111011011001111010011111101100001
