100 200
84 71 101111001101100011100010011100000101101000111011000101011010010000100101000101101110000111011110100100010111000110010010000110111001101001001000011000101000111001001000111011101011010100000110110111000101011110011101111110100011001101100001000001110010001110011000101001010110000100001001111000100111
38 74 101111010011000110100110100010000101010010000001110111011010000001010111100101111000101011111111011100010110110110111011101110011001101000010010011001101011111000100010111001110011001101100000000101000100010000110101110100000001101101101000000001000110001111011001010001010100001110101011000000111111
44 93 111101000011100111100101001110000101001000101011100101000110110000100111100011110110011110111110100101000011000010110001001010011001111100010000011011111011111011010000111011100111011100110100011101000010011101011100111101100011100101000001100001110110011111011001010000110110110111001011000100100101
66 39 101010010001000100100101010000000101110010101101100101001010100000110000000101110011101010011110010000010111010110110011001010011001101110011110011010111110111001000100001111000110001001001100011101001101011001011101111110000011101100100011100001000011000111010010001001110100000100001000010010111011
61 30 11100000011000110100100110000000100101011111101000101011011100100110100010111011010011110011010011100100011000110110101101010000101001000011010011010101011110000000110111111100100111110001100110100001101000001010101111010101001101101001001100001001010110101010010010000010110000101001011101000100111
14 84 111010111000010110011110010000101111000101111101111001010110110010110100111010011101001111110001100010111000110111110101010001001111011011010010010101111111000011100101101100011011011111101011101001100001001101101111010100011000101101001000011001110000011001010010000010110100100001001000000100111
85 19 1101001001000010110111110110010101111101000011000101001111001101110110110101110111110011011111001101000111100110010101101010011001101011011001011001101101111001010101001001110010011100110100110001000100110011011101110100100001101100000011001011101010001111011010010000000110100100001111011010110100
90 54 11010100000000100110111000000001101111111100111000101000011010100110110100101110111001011011111001110000111001110111011001110111101101111010010011010101010111101011100000001110010011101000100000011001011011001000101111110100011100101111001100001010110111111111010000001000100000101001011011000110111
26 81 111000010000110100101110100011101111101001011100110000010000001101101100111100110101111100110100100010111100110101011000010011001101110011010011001101011011000001000111011100001011100000101010101001000011111011101110110010011010101001011100001011010001111110011010000110110000101101011001000001101
93 67 1011000011000100100101110110000101111001101001010110111110001010010101100101011001000010110010101100011011101110110100001110011001101010011000010010101001010001011100111001010011011000001100110100011100111111011111111110011011101101000001000001101010000111000011000001011110100111001111001000110111
55 98 110011010111000101100101111010000101011100001010000110001010110000101110000111010101110011100110100100100011100110110110001010011001101110011000101010101011011101000100101011100011011010011100111101001100011001010101111111000001101101101001100001000010001111010000000000110100100100100011001001110111
40 43 11011000000000101100010100001000100111100001111000101010110001110010110000101110111000111111010101110101111000111110000001010011001100011110000001011101010011001001000011011100110011101100100000111001000011111010101111110001111111101101011100001110010100110011010000000000010100111101011000000100101
17 15 1101000001000000100111110100000101001101010011101101001010111010100100010011110010001010011110110100110010000110111010001010111001100110001010011101101011010000001010001011110111001101111100110101001110110111011101111110100001100100001001000001010010001110011001010001000110100100101011001010110011
40 26 101101001000000100110101010000010101111000100011100101011110010110000010000111010101011011001110111110111101100010111101011110011001101101011000010011101111110000001101001011110011111100111100101111001100001111011111110100100111111101001001000001001010101111011011000000001110100110001011001010100111
20 26 1000011100010100101001100000101100110001001000001000110101000010110111001001010001111011111010010010111100110100011001010111001100101011010011001101011111000110000111000100111011011000001111101001001011111111101100110001111011100000001000001010010001111111001000001111111100100101011000000110111
89 66 1110000010100000100101111101010101111001101101100100011010011000010100100111001110010011000110000100010111100010111000101010011001101011010010010001001011110000011010001101000001011100101100011001001000010011100101110110100011110100100001000001000110001111011010000001101010000111000111011000110100
9 20 1111010110000100100111110000010101011110000010000101001010000010010101110001100110000111001111101110000111110110011011001010011001101110001000010011101011111000001101001110000111111000010100010111001000011101000101010100100011001100100010100000110010010100010010010001010100000100000011001100100111
28 83 100111000111000110100101100101001101011000011010100101011010011111010110011101010011010011011011100110000011000110110011101010011101111110010010011011101011110000001001111000100110011100100100110001001110011000111101011010111111111111001001100111101010000111000001000001101010110110101011010010100111
36 58 111110001000100111101110100000101111100001111101001001110000000100110011111100111011101000101001000000111111110010010001010010101101001011010011001101111110101001010011001000111011100001101010101010000000001000101111100010101010101101011100101101010000011011011000001100100100100100010001000100110
20 86 110011010011000000100100110010000101111111001110010111011110000011010101100111110101111010011111010000010011100010111100000010011001101111011010011010101010010101000000110001000011011000000110011111001000011010011101111110010001101111001001101001100010011110010011111000111010010100001011001000100111
81 30 110100001010000111100101100110000111101111101001101111011011111000100111011110000111101011011011111110010111001110101001101110111001001100011010000010101011111100010100010011010010010000100101010001000100001001011101111010011011111101001001000001101010001010111111000001000110100101101010001000110111
86 91 101111001011000110000101100010000101011111000010000110001110101101100101111011000111101111111110101110010111101110111100110010011001001110011010010000101011011110001100111011000111011101100101111011011100000001010101101110001101101101001011100001100010001011011010101001000110010101101111010010111011
61 45 101011000001010111100100010110000101110001101001100111001110101011100101000001110011011110011111101110010010010110111001000010111011111000011110011001101111011000000011111000110111011001110100110001001100011001011101110110000001001101101000000011100110000101010010100001110110000101100111000100100111
63 97 100011001011000110100101111100000101111100100011110101001110110100000110100100111100010111011110100110000011001110111010000110011000101110011010010001101010010110001111001000000010111000100111111101001100011100010101111110000001101101101001100001111010001111010011000001011110100000101111001100110101
5 12 1101011001000000100101100110000101100001101110000101011010000110000111000101110101110110001110100000100101100110111010001110011001101010001010111000101011111101001011111011010011011101100101011100001000001000011101100100100110011101100001100001000010001111011011000001010110000101101011001000110111
58 61 10000010001000010110101010100011111001101000010010101011010110000010111101001011111001011011111110100000011110110100010000010011001101101010010111010001011010011010100010011100110011000010100110001011100011001111101101110111001101100100001101001100010001111010110010011010110100111100111001100110101
23 25 100000010011100100101101001010001101111101100011000101100010010100110111101111001111111011001111000100010111100010111010001000111001001001011010011000101111111010000110011011110101011101110101011101001000011011011101111010101101111101100001001101001110011011000000100000011010100101001011001100100110
13 78 100001000001100000100101100110000101001001000111110111001110111000000110100101111111000010011111000100100111001110011010011010110001101110010110011010101000010100000100101001100011001111101100111101001000010010010101010111000101111101100000100001001110001111010111111001010110000101011001101000110111
39 86 1000000011000010100100011000010101101101101010100111011010110000000100101101101111001111010111000101010111101110110011001010011001101101011001011011101110010000010100111001110011011110001110110101011000000011110101111110011101111100100001100011111010001111010001010001011110100111101011010000110111
59 86 1111001101000000100101110110001101111011101110100101001110001000100101010111000111011010010111101100110100010010111100001110011001111110000011111010101011111100000011111011000101111100110110011111001101010001000101110110110111001101001001100111001010000110011010000001011110001100101010010000100101
77 7 11001011001000100110100010010000100101000001001100111011010010011110111110111101110101110011111101101100011111010110111000110111000101101011010001011101011110000100101011010010011111110100101011101000000100011111101111110100101100100101001100011100110001011010011000010110100100100001110001000101111
54 58 101011000011000010100110110110011101011010001101101101011010101100010111111001011111001010011110100101110111101000101111000010011001101100011010011000101010110000000000111101110100011001110101010001001001110000110101111011110111111100100001100011101010010110011001000011000100101111001111000000000011
70 74 111000011000111110111101001000101011101101011100111000110000100100110101001011111000011011110110000111111101110111101001110111101101011011110010100101001111100011100101001110011111100100110011101001000110011111101111100110011110100100001000000101110001111001101000001011110101101101011001000111111
37 70 101011001001000100111001111010000101111000101011100101001010000000000101010101111111101110001110100001100011101110101010010110011101111101111010011010101011111010001010111001000111011101110100011101010100100100111101111110000101101100001011000001110010001100010011000001010010010101101011001000100111
26 60 101001000001100110100101110010000101010000011001100101000010101010110110100101101111001011111110110110010001100110111010011010011001111101010010111011101010110000011100100010110111011100001110010001001000000100011101101111000101011111001001000001110010000110010010010001001010100101000110000000110111
88 2 101011010001000110100101110110000101111001011011000111000010010111100101100101110111000111111110100001110011010110110100001110111001010110111001011001101010110000011011101011010010011111001101010101000000010001001111111010000110101101100000100011010110011111000101000001110110100101101111011010100111
77 71 1001000101100011101101011110000111011100000010000101001010000000100101100101000111110110011111001100001011110110110110111110111001101101011000111000101011110010001000111001100110001101011100101101001100001101111001111111100101101100001001100101010110001100110010001001100110101000101011001100110111
9 44 100111000011000110100101010101010101011101001011000001001010100000100111111101110111001011100110010111011111001110101010001110011001111101001100011000101010110100000100111101101101011001000100110101001000001100010101111110100011001100001001000001100010001110011011001001111110100101101111001000110000
72 64 11001001000110110101000010001101101000001110000101001110010000000000101111001011011011101111100101010001000110110011011010011001101110011010011001101011110100001010111011010010011100110100111111001100011011001101001110101111001101101000100001011110000111010011010001100110000101000000000000100111
55 77 110010000000110110101111100000101101001001010000111011010000110000001111001011111101011001110100100010011000110011100011010111001001100001010010010101001110100001100011001000011010000011100010101100100000000010101111010100111111100000001000001101010001101010010010010010110100001001011001010101111
55 80 11011111100100110101010101000101101011101101100101010010000101010101110101110111111011111110100000101100111110111011001010111001111000011010001010101010111000011110101010010110011101001100111101001100011011010101111110100001011101101001100101011010001111010001000001001110100101001001010000111111
23 68 100101001011000011100001110110000101111110111001000101001010111010010010110101000111011011100110111001000100100110110100111011011001101101011010011011101011111100101010010001000011011100110101110111001000011010000101111100000011101101101001000001101010011110010000011001100110000110001011110100101111
39 2 100011001111000100100100010110000101001110001010100101111110111000100101100111000111110101011111101000010111101110110110000100111001001100011010111010101110011101000001011001110011011101000100011101000100011001011001111100000101000110101001111101101010001110010010010001011110000100001111011000111111
33 39 11101001001100000100111100000000100001000000000000111000010011010110101110111001111101011011110000101110111101010110001001110011001111101010010011010111010111100001101010000110011001100011100010111000100010110011101111110100001100101001011100111111010000110011111000001000010101100101111010000101110
19 69 101001010011000110110101010100010111111001001111100101010110001100110100110101100111010000011110101001111111110011111100101110111001101101011000010000101010011100001110111001110111011000100100011111001100010100010111101110101011100110001001000001110010000111000000010010010110000101001111011000101110
38 51 101001011111000111100101110001000101101101101000001101011111001000000101110000100111011000001110110111010011100110110011011000011001101001011110111011101011111100001001001011010010101100000000010101000000000111010100010110101111101101000010000101000010001111011001010001000100100110101011101010110110
18 92 100111000111000100110101010010000101111100001011000101001010101001100110100111110111001011011110100110011011100110111010000000111001101000001010011011101011011100001110001101001011001100100100110100001000010111010101111100100001101101101001100011001010101000000000000000110000101100101101000000110110
58 15 100001001010000001100111110110000101101101001000000101010011001110000010100101101110101111000110100110110111001110110110011010101001001110111000011010000011110000001010110101000010011100110100110101000000010001011101111100010101010101101000000010001010001111011001010000000000000101101110001000111011
85 49 10001100000011100111101000010101111000101111000100111010111000110100100111110101001010101110011000010111000111110000011110010001100101011010110001101010110100000011100000100011111100101100010111000000101000111101111101100111101100100010100011001000001111011010010001000110101100101001011000111101
61 86 110000011000110100100100110011110111000000111000101010010000010110001100111100011001011011110110011110111100110011011001010011001011000000000011010001011111100001101101011010111011101001110100100000000001001111001110010101011101111101011100000100110001111010001010001011110100101101011011001101110
55 27 100001000001000111110101110110010111111010000001100101000110011001110100101101110111001011011010100111010011000010110101001010011001110101011010010010101110111100011111011111010111011100101101011011110010011111001101011110100001111101000011000101100010001101011000000100101110100101001011011010111111
52 39 101011011011100100100100101010010001111111101011000111010010001100110010100100000101101111000111101001000010001110111011001010111001101101011010111000101011110001001100101001000100011101110110101111011100010000001101110010101101101101100000100111110010001111010011010001000100100110001011001110100111
51 97 1101011001000110100111110010000101100010001111100111001110110000010100111111111111101010011111001110010111000110101100101010011001101101111010010000111010110100000000011011110111010101100100010001001100001001010101101110100011101101000010100011111010001001010010010000001110101100101010001000110111
63 34 100111011011000110111101100110010101100001000011100101001110001010011000000111111111001111011100010000100111100110111001001010001001111100011010110011101011010101001111100001010011011100000110101101011100011001000001010100001101111101100011100001000010000101010011010000100100100101111011011000111110
15 60 110001000111100100100100000100000001111000101001001111000010111001100101111111100111111011011111100110110111101010110011000110011001001111001000011010101011010011001110001001100011011101000100000101000000010001000001111111101011111101101001000101101010001010000001010000100100000100001111001000101101
54 59 1011000001000111111100011000010101001000001011101101000110011001110100110111110110001110001101001001010111100110111110011010011001101110011011011001101011010000000011011000010011001100110101110111011100001001110101111110011011000100001011100001010110001111010001000000110100100110101011000000110111
88 2 101100001011100101110111110011000101101001100111000111011110101000110110100111110111011111010111010010011011100110101000111110010001101001001000011000101010111001001100111001100010001000100100010111011000011111010101110110100001101110100000100001111010000111010110100000000110110100000011000100110111
83 24 1101011011001110101001010010001111111101000111000101001010110101100101110010111111101011011110100100010011010110110010001010011001101001010000011011001011111100001000011011100110001111000100110001001100011011010101101110100101011101001001100001100010101111010000000000011111101111101011000010100011
2 44 1000001100110100011101000000001010001101010101101011110011100110010110101110110001011011100010100010001000110111110011010011000101110011010010000101011111000001000111101100011011000110100101101001100011010011101101110101001001101101011001001010010000111010001100011110110101101001011011000111111
84 97 111011000010000100100101011100000101011101101011100111001110000100110010001101000111010110101011110110010111000100101011001010110001101111011110000010101001010110001000011001000110101001000100111000001001000111010101101110101101111100101001010001111010000010010011010001110110100101001011010001110101
16 90 11001010011100110100100110000010101111001010100100111000110000000000110101111110111011110001110101100111011001110111011001010011101111101011000011010101011010101001100000001110010000101110111011110010100001011011101110110100011101101100001100001010010000111010100011010000000100101100010000001110111
7 14 101011010001001100110111100100001101110001101001000111010010110100110011001101101111000011111110100110010110010010110110011001111001101100010010111100101010111000001100101010110011011101111100011001001110011101000101101001100101001101100001100001010010000111010010000000010110000100100111000010110111
98 76 110111000010000100100101110110000111011101101001110111010110101000100111100111011111001011001010101011100101100110011000011010111001110101010010011010101011010000000010100001110011011101000001010101011000011101011101111100100111101100001011100001110010100110111000010000000110100101001111000010110101
61 93 100010010001000001100101110110000101111101111001101101000110101110100100001101110111001000011001111001010011100011111010001010110001111001011010011100101011011000000110101001100111011100000111110101001000011011001101111100100001101111100001001001010010001111010001000001000110101101101011001000100101
4 93 10001010011000000010101110110010101011101001110101111001000100000100100101001000010100001011100100100000111110110110101011100011001101111001010010000101010111100010000101011000010001101111100111111001000011001011101111110111101101101001001000011000010001110000010010000000100100001000010010000100111
36 75 100010010011100110100011110000000101101001101011100111010010110010010111100111101111001110011110011100010011100111010100101010111111100110010000000000100001010100001000011011000011101101010110001111001000010111001101111100100101101101000001000001000010100111011001000001110110000100001011000010110111
44 91 111011001011100101100111110100000101111011100001000100001110110100100011100111101100001001011101001000110011100010111011101010111001101000011010011010101110110101001000101101010111011001100100110101001100001000101101110010100011101101001001101101110010001011110000000011011010100101000011000000100111
15 86 100101000101000110100111100110011101110100000011100100000110010100000101110111010111001011011110110111000010101010111010011010011001101010001000010000101001010001001001011111010011101101100111011001001001010100011101111110000111000101001001000001110110000011110000000000100110101101100011111010110111
37 73 1000011000110100111010100011101100000101011000101001010011010110111000100011101011011000110101010110111000110110100001000011000101100011010111001101011111000010010101011110011011000100110010101011100011001010101011110100111111100101001000011001010001010010001010001010000110101101011001000110101
8 74 101011001000110100101001011001111101001001011100101011010001000100111101111010111011110101001110111010011000010111110001010111001101111011010111001111010110100011110011011010111001101100100000101011000010101010001111110100000001101000011101010111010000110011010011001100100100000011010000000110110
52 14 100101010111000111101111110000001101110001001111000101011010001010110111100111111111001001101110111101010111011010110000010100011011111110011001011011101011111000000100011001010111011100001110011001001100011111000001111100110011000110100001110001011010001111011000000011100100010100001011101000100011
49 58 100011010010100110110011101110010101101000000111000111101111111000110110001111000111000100001111100100110011010110110100101100011001101011011010011010111011011100000100101011100111001000100100000001000010010010000101111111111001001101000001000011010010001110110000110000010110100101100011001000101111
77 93 101001011011000110110110100100010100101001101001000111010010101010110100100011101111010011001110101000010111010110110010011000110101111111111000011011101011111110000000111111010111010101000100110001000100010101010101111110100111111100000001000011111110111000011010010001000110100101101011000000101100
50 38 1111000011000110110101010110000101111101001111001111001010000001100101100111100111001010011101100011100101000110101001011010111001101111111000011001101011111100000110001001010111011110110101011101001101011001011101110100001001001100001001100011001010100111010001000010000100101100001011000000110000
17 67 100100000001100110100111010111011101111001001011001101000010000100110111101011010110011000000110100100010100100110111010001010111001001111010010011010101011010000000000101011010011011100000100111111001100010110001101111110110011101110101001000001111010001111010100011001110100001101100011000000101011
59 92 101101010000000111111101100100000101111000100001011101001011010001100111110101101110000010111111101101010001101110100100011010011001101111011010011011101010111100001010010101000011011110010111111101000010001101011101111110010111110101000001100001000000011111010010000000011100100101100010000000111111
91 4 10111010001000110110111110100000101111001001111100100011110100001010111101111110111101011010110000101110010100010011100101010111101001010001010010001101010110000011101110001010011111100100101111101001100000101010101011110111111110101101001100011111010011001010010010000000000100001111011000100110111
48 90 110011010000100100101101110111000111111100000000001101010110010100000111101101100111001011010011110000110011000010110111011110011001100110110010011011101111110000000000101101010011110100100100110101011000000000111101100111110001001101101001100001111010001111010000010001101110000111101110001000010111
37 48 100011010000000111000000110110000100011100101001000111001010011000000101000001010111011011011101100000110011100110111111011010111101111011111110010000101110010011001000011111010011011100000100111101001000010001011101111100001101110101101011100001000010101011001000010000000000000110101111001000111111
11 37 101001001011000101110001110100000101011010101001000101010110110110100110000101110111011111011100010101110010100010110001001110011001101101010000011011101011111000000110011001010011010101000101111101011000001001100101111110100011111101001001100001111010001110011001010000001110100100001011011000100111
42 58 111110000001000111111101000100001101111111001001000101010010000100111100100111100111011011001111110101001011011110101011000110111001001111010010011011101010111100001100001101110011011111110100111101001100010010011101100010101011100101101001010100110010001011011011010110000010100101001111001000110111
15 97 11000111100010110100010000000101101101111010100111001010100010010110100111000101111110010111100100100011110110110110000010011001101001000010010011101010111100001000110001000110001100011000111101001000100101011111101110100101101100101001100001001010110111010000110000000100100111001011011010110100
20 65 100111010011000011100101111000001110010000001001000110010010000000111101000101100111000111010110110100010110000110101000110110011101101101011010011010101011110100001000100011001010101101110100001111011100011111001001101110010011101101100001100011110010101111000011010000000110011100101001001010100111
89 77 1011000110000110100101110110010101101100001111101111101010100010000010111101110111011110111010100100000010100010100001011010111001101101011010011011111010111000100001110001110111011000111100010101001101011100010101111010000001101100100001000101000010001111011010010001010100100101101011001010100110
22 69 101101000011000100100101000000010101011000001111000101011010011010110101111111100111011111011100100011110011100110110011011010111001111111011011111011101011111000011110011001110111011100110111011111000000011000111101111110100011100101001001000001100100001011010011000001110000010101000011000000101110
33 18 11000001000100010111110000001101010100110010000111010110000000100101100001111111011010010110100100000111101110111010001010111101101101001010111001101010111110001100101001100011011100101110110001001000010011001101110110100101100101101001100001010010001111101011010000000110100110101011000010110111
57 69 1111011010000110110111011100000101001100100011001101000111010001000111010111100101000010111110100010010001101110110011011110111001101000010010010010101011011100110110011011100011111100101100111101001101111111011101111110100101001100000000100001010010001101101011010001110100000101100011000010100111
7 46 1110000000000110100111110010011101111001001001100011001110000100110100111101001111110111001110110000100111000110110010011010111101101111011000111010101011011000001101001101110011011011110100010001001000011000010101110110001101101101001011101001001010001111111000010000100100100100001110000110011110
1 69 101011001011000010100111010011001100001100001011100101000110000101110111111101110111001010101110101100010110000110110110010010011011101101011000011000101010010100001001111001000011001101001101000111001100010001010101111100110111111101101000100011101010001111010010000000101010101000001011010000001111
12 76 110111000001000010110110110000000111110000101111100111011111000000000101100111001110101011010010100000000111100110111000100010111001111111011000011010101011011100011100011000100111011100000111011101000000011101010001111110100111001101000001000111100110001111010001000000101100010001101010000000110111
19 11 110000010000100100100000100001101111101011010001101011010010010110101110001111111001010011110010100010111100101111000101110011001111101011000011001101011011100001110101011000111011011110100100001001000010101011101110110101011001100101001000111110110001011010001000001100100100101001011001000101111
9 5 11010011000100110110100110000101101000001001100101011110100101101001101101000101011011011110010110010011000110110100011010011100100111011010011001101010111010010111101010000111111101111100010001000000010001010101111110101011111101001001100011010010001110010011000000010110100110101011000000101110
94 92 101001000011100110100111000100000101110101001111100101001011100010000001110101101110001011010110011000100011000111011110001010111001001001011110011011101110110100011010001001010101011000100000011111001100011101000101101100101111101101011001100101101010001111010000010000011110100100101010000010111111
25 19 1000001011100110100100010101000101110001001011100101000010010000010010100111111111101111011011101001010011110010111100011010111001101000011010111001101010010100000101011000100010011101101100101111011100001011011101111010110101100101100001101100010010100111010010000000000110000101001011000010011110
20 41 10011010001100101100111011000010101110110101100110101001010010000110101101101100100111110011110011101010011001110111100001000011001101101101010010011101111011001001001111111100111011100000100010001001100000101111111110110110110011101001011000001110110001111010110010011000110100001100000001000111110
1 85 100001010010100110100100110100010101011100000111000101001010010011110110011111111111111111111110100111000111000110101111101110011101110011010000101100101011011100111110111001100011000001000110011001000100011100011101101110001111001101101011100001011010001111010011000001101100100111110011001010110110
44 73 101011000011000001110011010100001101111100000011100101001010000101010100001111111111101111001111100100110111101110111111010010011000101100001010011001101010010100001010011101110011011001111101100110110001010111011101110010111101111101011001100000000110001011111001010001010110110110100011001000100111
93 100 100011000010000000110100010000001101110101001010000101001011100000110100101111000011010011101110110100011111100100110110001010011001101111011010010011101000010000010000101000000010001101001101110011001000111111011100100100111000101100100011100011110010011111010011110001101110100100001010000000011011
96 32 101101001011100110100100101100010101010001101011110100001100010100110010110101001111010010111110110110110111101010100010000010011001111100111010011000101111111100001110100101010010011001110111110001000000011011000101111010100111001100001001100001111010000110111011010000010100100100101111001010010111
46 67 110001000011000101100111100100000101110001101001000100011010000100000110110111110111001011001110001001011111110110101000001010111001101001001010010011101010010100001101110011100011011000000110010100000100001010001100111110101111111111000001000001111010001111010001000001110110110101001001001010101111
18 64 100011010001000000100111111111000100111001001011100100000010100010110001100001100111101111010110111000000011000110110110011010111101100010101011011011101011110000001100111001000111111111110100010101001100001111010101111110010101001111000001100001000010001110110000000001011010100101001011001000111011
100 72 1001010011000010100111100110000100111000101000000111101010000000110100100111100011011010001110100101110111110110110100001010111001101101011010000000101011111110001111110001000110011101100100111001010010011101011111010110100001101101100001000101100010000011010001010011111110100101001011010000110110
69 49 1011000011000010100111110101010101001001101100100111001010101001010100101101110111010011001011100100011110000010111000111010011001101100011010111010101011111000010011111011000010011000101100000011000000011001010101110110100101101101100001101011101110010001011000010000010100000100101011010000110111
64 83 10101000101000100101011110010001111101101101111000111001010010010100100100101010111101010011110110000111111011110100000011010011101101101011010011000101011110000000000111011010111011101011111110001011100111111010001101110000001100101101001001001110110001100011000001000010110000100001011011000110101
48 62 1011000011001010111101100110010101111001000001100111011010001000010101100111000111000110101111101100110011001110110101111010011101111000010000011010111011011100001100111001000111000101100101010000001100010001011001110110010010111101101011100001001010000011110010000000110110100101101011011010100111
38 32 1011010001100110100111010010000101101001000011000101000010001000110000110101000101011010001111010010100111100110110110001010111001101100011111011001101010111100011100011001011001011100110100100101001000001011011001111110001011111101000001100011110010001110011001000010010110001101101110001000010111
92 28 101010000010000110100111110110000111101101000011000100001110110000010100101011110011001111001111010100000011100010110100011010111001111010111010000001101011110000000000111001010010011000101100010101011100011111001101111110111011100110000001100010000010001110000011000001000110100100001010001100110101
30 79 10011010001000110110111110100000101111100101000110110000110000010100101100111111111011011011110111101110011100110010010000010011001101100011000011000101011010100011100101101000011011000001101010101001100011100001101111110010001111101100001000101001010001011010001000001100000100100001011101010111110
44 49 1000101000000100101110000001101111001011011000100010110000110110100000111001011001011011111010101000101100110001011101110011001111100011100011000101011011010000100100001010110011100110100011101010100010101011100111110101101001100001001100001011110101111000011010000011101100001101011000011111111
76 81 100101010000000010100101010110000101101100001101000100000010010010010111000101000111101010011010001010100001100110100000001010011001101010011011101010101011111001001100001111110111001101001110110101001000011001010101111100001101111101000001000010101110101111000010010001011100101110101000001010010111
86 68 101100001011000110101110010110001101101001101110100111010010100001110010010111000110011010001111010000100011010110111000001010011001101010001000011001101011010000100111101001000011011100001100100100010000011111010101011110100111001101000001100011101010000110011110010001000000100101100011011000000110
82 87 11001001101100100100110101111000101100100000011100111001010101000110101000111001101000011001110010010010011110010111001001010111101101110010001011001101000010001000100111101010111011000010110010101001110000000010111111110100011000100000001000001000010000111011000100000110110000101100011111000110011
4 21 10000011000110100101110101000101000000101011000100101110010111010111001101100010010111101010101100100101110110100110011010011001001101010010110011101111110100000110111101011010101100111110110101001000011000001101110110010011100101100011110001110010001111011100000010010101000100101111000000100110
14 81 110101010011100100110111110100000101011001100011000101001110010110010000001101000111011010011110110000011010110110111101001010001001101010011000000011101000110000001011111001010010011000101101011101001000010000011101111110010111101101101001101001011010001110011000000010000100010110001010010000111110
34 84 111010001000110100000110010000101111101110011000101011010000111100100101111100111101010010110100110110011100110100100101010011001111111010110101001100111010100000110011011110010011100100100010110001100001001011101111110100111001100100001000001110010000111011000010000001100100111101111101000111011
59 65 100111000001000110100111100110000101100000000010100101011010010011110100010101100101001011011110101010110111100110110001101010111001101010011010011010101011011001101010011101000110011100101100001001001000010011011101110110000001111100101001000001011010001001110011001001000110000101000010001000110111
90 39 100001000010000100100011010010011101001100100111100111001000000110000010010110000011010011111110110100110010001110111000011011011011111111100000010010101011110000001101111011000011011100000100010111001000110011011101111110000011100101000001000001110110011111010001000001001110100100101011001000110111
28 47 1011000000100000100111000100010101001100101011000001001010010010100100100111101111001011000111010000000111100110111110000111111000111001011000010001101010111100001000111001110011111000011100111101000000010101001101011110000111011101001001000011010110111111111001000000100100100111101111010010110111
37 11 1011000011000110100111100111000101110001000011000111001010010000100111001111110111110110011111101000010111001110100100010010011001000011011000001011101010111101011100011111100010001100110100011001010000011011100101011110100001011110101001000111111010001111011010010011000110100110001010001000110111
41 42 110110000001100111100111010111000101011000001010100101001110001010110011100111110111010110011110010101010111000111110011100010111001101011010010011010101110011100011101011001000011011000100101110011001100001101001101111010100101101111101001101101111110000111010100010000000010100101001011011100011110
18 69 101011000001000101100010100100000111101101001101001100001010101000100011100101010011011011010010110100010111010110110011010010111001101100110010110011101111110100000100111011000011011111000110010101011100001001001101111000001010011100100011100001001010001110010010000000000110101100101011011000101111
7 30 110010011001101110110111000010101001001001111000001001010000101000111000111110111000011011110110110000011100100110000011010111001101101011011110001101011010100000000011101010010011100110100111101010101011010010101111110101001010101100000100001110010000110011011000000000010110000101011001100110111
76 75 1110001110100110100111110110010101111001101011101101000010100100010001010001101101111010010110011110110011100100111010001010011001101100011010100011101011010110001111011001100011011101111100011001010010011111011111110110000111010101101011100001001010001110000011010000000110000111101011010000111011
22 50 110011000101000101110111100110000101001001001100100101001110010000100100001101001111011011011110110110010111000110110111101110011001101101010000011001101111010000011010000001111010011101101100011101011000001011011101111011101011001101101001100101110010010110011000000001111110010110101001000000111111
61 42 100011000011100100100110010010000101011110100000100101001010000110110100010111000101000010011111110010100010100110111111011110111001101100011010010000101011011110001110011001100011111101000110111111001100001001001101110110110001001101011010100011001110001111010010010011011100000110001011001110111111
83 21 100010000011000110100111110100000100101101111110000111001111110000100111100111111011101000011111011110110011001110100110001010101001001101111010011001101011010000001010111001010011001100100100111001000100011000001101110110001111001101101001110011010000011110011000010000100100001100001111111010101111
55 68 1111000001000010100101111110001101001011010010000111000010110100010011100111011011000101010110110110010011010110111000001000111001101011001010001000111010111100001010011111110011111001101101011111000100111101010100011110100001001101100011101011001010001111010000000001101100101100001011000000110011
10 87 111011011100110100100110100000101011000111010100101010110000000100110110110010111101011001101110101010011001010110001001010101001101101011010110011101010110010001000011000100010011001000000101100011000111111110101111100100111001100000010100001111010001110010001000000111000000100001000000000110100
40 82 11011000001000000110111100000010101101001001001000111011110000001111101110101100111101110011110100001110011010010101110010110011001101110001000011011101010110101001011111111000111001100110101010111001000011001011101110110101111011101101001000001011010001111010001000000100110111101111011001000110111
3 43 1011011011000001100111100100011111111001101011100101010110010100110100011001100111001011011010110010010111101010111000000010111001101010011010011011101110111100000011000001110010001101110101110101000001011100011101111110000101010100100001100001001010110011001000010001110100000101101111010100110110
88 14 10011001001000100110101010010000101011100001001001101101010100000010110100101100101001010011111011101110011010110111100011010111101101010000100110010101110010000001100001001000111111100010100010101001000011011011001100100010011100101100011000001110010011000010010000000010010100000001011010000100111
75 37 101110010001000000110101100000010101111000001001000101001010111100110111100111000111001111111111100100111011001010110110111010111001101101010010001000101011011100011001001101110011011100001000111101001010011111011100111000000001101101001000000011100010000100000000010000000110100100101011001010111111
96 11 11011010111000110110011100110100101001100101011100111011011100110100111011101100110000110010110011010100101011110110100001110011001011111111000001011101011111100000100111101010011011101110101010101011100010100011101111100011101011100101011100001110010001111010000000001100110110000101111011000110101
62 43 1001011011000100000111101110010101011100100110100111010110000000100110000111000111011010011110110000000011010110111110011100011001101110011000011011101010111100011110011101110111111101011101010001001010001011001000110010100001110101101001100001110010001111010011000001110000000101000011100000100011
7 57 101011010011100110110101010000010101001001110000100101010010110010111111101111011111101010011110000101010011100110110101111110011001101101011000111000101011111101011000111001000111011111111100010111011000001001000101010110000111100100101011000001111010000111010011000001000111000101101011001000110111
4 42 10101100011000110111111110000000101111011100001111101000010000000010111101111111110011010001110000000010111000110111110011010111001101111010010010011101011110100011110001011100011001000000110011101001100011100011101100100001011101101101001000001111010001111010101010000000010100101111001010010100011
64 41 1000001000000100101110110010101011100001011100101001010101000001011110101100010000011001100110010110111100110111011111010111001101101001010011010101011110100010110001101000010011100000110010101001000101111011101111110100111110110101001000001111010011111011011010000010000111101001011001000100111
47 32 101000011000110100111010100000101110000001001000111001010100000011111100111110111001010010110000010010001001110101010101010001101101000011010011010101111010100011011110011100111111000001100011001000110011111010101101010110111101101101000100001011010001111010010110011000110100100001011001000111111
35 39 101011010011100110110000101100000101101100001011000111010010000000010110101101010111000000011100001100110011110110100000011010011001101010011010110011101010111000000100001011110111011110100100111101010100011011011101111110000111111100101001100001111010001111010000000001010010100101101011001100100101
94 34 111111000111000010100100111001001100101101101011110111000110110110100111110111001011001011011110000110101111101110110110001010111101111100010000011111101110111100000000001011000010001000100100011011001000011001010101111010111011111101101011100011001010010110011001000001000110100101001011001010110111
33 82 1011011011001111100101100100010111001000001111000101001010010000110110110011010111001110001110010111010011100111110010011110011001100100111010010010101011111000001010101111001110011100111100110111000100111010011101111100101111001101001011100001001010000010011001010000000100100111001011010010100111
41 50 101101000011000111100101110000000101111010001011100101000010011010100110110101000111001011011000100110111011100010110011001010101001001010011011100001101111111000001010111011010111011101100100011000010100010101111000101010010011011101100010000011110010001111010010000001100100100101000011000100101111
35 46 110010000011001000100101011100000111111000001110000101001010001000110101100001101111011011000111000100001010100110110010000010011001101011010010111001101011010010001110001011000010010101100100111111001000011011111101101100100101101101101001000011011010001110011001011001011100000100101110000010101110
37 19 101011001011000110110101110110011111111101001001000101001010010100000001100111111111000011000110101010010111100110110111100110111001101110011010000010111011110100000100011101110010011101100100110101000110000010001101111110100101101100000011100001010011101110010010000001100110000101000011001000101111
48 57 1101000011000110100011010110010101111101001110100101001010010000000110110111101011011111011010110000011110110110100000101110011001101111011000011010100010110000001110001001100010011100000100011101001100010001011101110110101011110101000001000001111010001110011011010000010110100100100001001110100111
75 54 100111010011100101100101011100010101110010101111100101001011111001011100100111101101011010001110101000010111101110110011100110111101111101011011010001101111011000001011001011110110011100111110010101000000001111001101101110010011000101101011100001010010001001010000000001100110101111111011011010110111
61 12 1000000011000010110011100100001101111101100011001111011110010000010110000101111110011011011100111101010101100010110010011010111001001000011110110011101110010001111011001001101010011000100101110101001100011001011101111010100111011100100011100001010010001110011001000001110100100100101011001110100111
94 33 1110001111000101110100110110010101010100111000000101000010101000010110001101101011111011001110001100010111100010100101000010101001101000010000010000101110110010001101011001000111001101000100111001001000100011010101111110111111111111100001100001110010010011001010000011101100100100001010001000111111
26 57 100011011011100100110110010100001101011011111110001101011010110010100101100101111111001000111111011100010101001110111000111110011001101110101000011010101111111000000111101001110011001110000100111000000100010111011001111110001011101101000001110011111010001111010111001000111100101111101111000000100101
55 73 101011000011100110111000110100000101111001101011100101111010100000110100101001010011000011001110110110100001100110110010000010011001101100010010010000101010011000001010011001110011111101000110110111001100011011010101111110101111101101001001001001011110000110011001000000000100100101101111001000110101
77 69 101011100001000101100101010110001101111001100011100100000010101011100100011111000111011011011110111110010111000110111010001110011001011100011010011001101111110100010001011000010011011100001100001111000100011011111101010000001000100101101000100001000010001111110000010000111110100100000010011010110101
19 63 101010001111001011100111110110000101011001101101010101001010110001110100101111100111110110011110100100110111100010111100000010111001111010001010010010101011110000001000011001010111111000000100110000100001001001110001111010100011001101000011100011101010001111010010010001110110100101001010000010010111
36 98 1011000001001011100111010110011101110000001011000101011010000000111110110001111101101011111110101100011100010110110000001110110001101000111000010011101011010011000010111011110111001001111101110101101000000001010101111011101011101100000000000001010010001111111101001001110110000111101011001000110111
58 88 111001001000010110111010111000101001100101001001101010010100011110110100111101111001101001110001000010010001110101000000010111001101111111000101010101111010000001110101000100011011100100111001101011100011001010001111110100111111101100010100001111010101111000000010001110010101101001011000000110111
22 8 100111000000000010100100110110000101111010110110101101011010110010100111101010101101011011110110100100011011110110110011000110111001101100001100010010101011011100000010011011010111101111010101001010001100010111010101110110100111101101101000100101100010000111000001010010000100000111001011000100110111
48 83 101001010000100000100011010100000101101101100011100101001010100010110100001111111111001110011010101010001101010110010011011010111001100101111010011001101011011001011000111011110111001100111100010100001100011010011101110111110011100101000001000101110010000101011001010000110010111100101011000000100100
9 82 110011001000001100110111101100000101111110111011000101000110111100010110100111100110001110001110100100011101111010100100101010011101101011011010011001101010110100000110111011000011100101010101011001001100010001010101111010010011111100101001100001011010011011010011110001000100100100000011001000111110
34 92 11011001011100101000110110100001101111001101010100111001100000000100100000111011111101010011110110100010111101010111100011010110001101000011110011010101010111100111101011011110111011101010100110011000101001111011101111010001011101101101011100101001010000111110010010001010110101100101111000000100000
3 64 10001011000100100100010110000101111001001001000101001010111000100110000111000110011011011111011101111111111110111010001110001001111111111010011011101011110000001000111011010101011000100100110101000000011011111101100110100111110101101001100001011010000111010010000001000110000101001011011100101001
52 45 1101000011101100100101010011001101101101001001000101011010010000100100001101110111101010010110000000010010100110101000011010111001111101011000000001101111111001011011110011110111001100111101110101000000011001011001111110110101101101000011100001111010100110011000110010000110100111101001001000010111
94 81 1111000001100010100101001100010101011100001011001101000010000010110101110111101011000111011000110100001101101110111110000110111001111110011010011010101111111000001000111001110010011100100101011101001100001101011101110000000111000100001000001001011010000101010011001000011110100101101011111010100101
10 15 11000100101001110100000101101100000001100101001010111011110110010101011111110011010110000101100111101110110110011110111101101100010000010011101011110000011100111001100001011001001110001001010100011010011101110100001111101101101011000011101110001111011011100000001110000101001111001010110101
86 60 10011010011100110100111111100010101110100011001100101010110000001110011111101101110011001100110000000010011110110100111101110011101100000011010011011101110110001001000011001010111011100110100110011011100001101011101101100011101101101000001110001011010001110011010010000100110100110101011001010100110
16 23 101111000111100111100001100100000111111101001000100101011010000010110110000111100111001010001111100100000101000010110011001010010001111111011000011000101011111100001000011001100011011100111100010001001000011101010101110110001001101100000011100101110000001111010010000001101110100101101011001000111111
52 4 100010100001000111100100110010010101100001011011000101001010110000101100101001101011011010011110001110010001111010111111011010111001111100011010011011101011011001001000101101001010010101110110011100001100011101011001111110100101101101001011100001010010000110110000000000100100101100101011000010111111
48 35 100111010001001110110101100100000101111100000000110101001110100000000111101100110100111010011101100110010000000110110111111010011001111101010000010010101110110000001110011001000011011000000100011001010100110111010101101100101111111101001001000101110010001010100010000011111010100101001011111000111101
18 83 1110011001100100010001110100000101011001110011000101001110100000100110101110100111011110011111110101010101000110011111001010011001011001111000011000101011110100011010111101000011001001100100010001010000010011001101111110100101011101100001100001011010011110010000000001110110100110010011000010100001
50 97 1110000101001010100101110000000101110010101001000101011000100001100000110011111100001011101110011111000101101010110011001010111001101011010010001010101010111011010000111011100110011101001101110101000000010001010101111010101101101101100011000001000010011110010001010001000110001100110011001000100111
96 80 100111000001100100100001110101111101101001101110100101001010110000010100100111110111101010011101001100000111100110110000001010011001111100011010011101111010011100001100011001010111011101101110010101010010011010111101101110110011110101100000000001100010000011010010000011111110100101100111001000100110
57 45 1011000011000000110111000010000101011011000011100111001010110100000101100111000011000011111100001100011001010110101110001010011001111110000000011011101110010101000100001001100011011010000110111111001000011110111101111110101111110100100011100011110010001111100000010011010110000111001011011010111101
52 31 1000011011000110100101100010011100111001001011000111001010001010110110100111001111001111001110101100001111101010100000110010011001100110011000001000101010010100000010011001000010010101100000010111000100011001011101111110011001110100001000000001101010001111110000101001000110100000101011011000110111
86 54 100011011011100100100101100100010101101001000011101111001110000000000110110111010111100010111111010110100101110110111110001110011001101110010010111001101011111100011110001101000011011100001100100101001100001011100101111110101000000101100001000001011010001011000010010001010011110110101111010010100111
40 76 11011001011000000110111010110000101111001101011100100001110000110100111100101101111011111101010100110010011101010111101011010011001101011001000001001101111011110000010001001000111111101000101011101001000010001010101011100001101111101101001100101111010001011101010001011010110000111101010100000111111
82 47 101011010011000000100111100010001111100100101010110101001010100000100111010101110111011010011111100010110011100010111000011001011001101110111010010010101010011110010111010001100111011011101100110101001100101001101101111100101101001111101001100001011010000111011000010011111101100101011111001010111111
53 76 10000111000110110110000111000101011001101010001101010011010000100101000111101111110010111111011100110111100110111101000010011000101111010110011011101111011100011000101001010011010101101000011101001000011001011101110110011111101101101011100101000010001011001101001011001100111110001011011000001011
10 76 101011000101000100100101100110000101111001001101000101010110010010010110111111100111001011111101000101010101000110110000001110111001101100010010010001101010111100001100110011010011011101010100001111001000000001010101110110100101010100100011000100000010000111010000001000111110100101000011000000110011
60 30 101011000100000110100101000100000101011111001001100100000110100000100100100111100010001110010110010100010011111110111100001010011001111101010010010011101010010000001000011011010110011101100100011101000101001101011101111110000011101101000000000001010010000011001001010010000110000101001011000000011111
68 4 111001000111101100110111000000000101111101001010000111011010111100110101100111111110011010011010111000010001001110101101100010011001100101111010011010101011010100000010101010000111111100001100001101001100010011011101101110011100001101000011010001111010001101011011100001011110100101100111001000110110
69 13 101011001011000010100100110110010101010000011000100101011110011000000100100111000110100010011010111000010111101110011011010010111001101000011010011001101011111000001000011111010011011101100101111001001000011101111111101110010001101101000001000101011010001110100000000001000100100100101111000010110111
98 3 100001010001000100100101100100100101010000101010001101001010001001101101101111011111011111101110101010110111100010110000000010011001111110011010011110100000111000001010111011010111111010100100011101001000011011011101101110111011111100101001100001101010001011011001001000001110100100001111001010101101
52 21 100000001100100100010110000010101111000101000110101111010000011100100011111010101001011111110001001011111100111110110001010011001101010011110011011101010110100100100011011010101011100110101111110001100011111111101111110100101101111000001100011100010001111011001000001010110100101101011000010110101
12 39 1001001000100110101100100011101111101100001000101011010101100110101100111010111010011011110100110010010011110011101101110110101101101010010001000101010011000000110110011001011111101001100011010011000010100010101010000101111101101000001000011110110001111010010000000001010000110101011001000111110
3 37 101110010011100111110001011010000101101111000001000101011010001000110111110101000110000100111110100100010010111010110011111010011001101100011001011010101000011111001110111111100011011101101000111101011100011011011101111100110011101100111011101101100010000011011001000000011010101111101011001000110111
55 1 1101011001000100110101111100010101010001110010001101001010101001100101100101111111111010111110100100100011000110111111011010111001111011010010010010101011010100001011010001000010011101111101010111000101010011011101100110100101101101000001000001001010011110010010001000111110001110001101001100100111
88 4 101011011000110110111001110000101011100000111101101001110101100000101000111000110001010001110111100010101000000101010001010011001111101011010011010111011010000001000101001110000111101101101010101001100010011010101111110100101100101101001100011100010001110000011011001101110101110100011001010100100
47 40 100110010001000100100001110110010111110101000011101111001010001100110100000111111100011110001110010000010111101110110000010010011001101100011010011010101011111000001010011111100011001101110100111101001011000111011100110100100011001101000001000001000010001110010001000001000000101100001010011000001111
33 15 100101000101100011100111100101000111011001001010100110011110000011010100110111001010001010011111100110010001100010100000011010011001101001001010011000101011010000001110111011010111011100100100101111001001011111001101111110000001001100101011100001100010010111010000000000000000000101001011010000110101
40 58 100011000010000010100111111000000111111101100000101101000010010011100111111101011110010010001110011110010101100110111000101010110000101110011010011000101011011100000010011001010111011101001110001101001100011101110101111110110111100100001001100001111010001111000000001001100100010100101011000000100111
2 79 100011010001000100100101110010000101011101001010100111011010000011110100110101100011101010001100011100010111101110100010000010111000101010010110110000101011011000000010100011110011011101101110010001011100001000000101010110101110100111001010100001000010001110010111110001100110000100101101001000111111
62 80 10011010011100001100100100110001101011100100001101101001011110100110111000011111111111010011110100100100111110110100110100010010001101100010011011001111011010000101010011011000011001100100100011101001100010010110111111010100011111100001000000100010010000110011001000010100110101110100000001000111111
39 49 1011000011000100101111110110000100011101001001000111011111010000110100100101000110100011011110110010011110110110110000001010011001101111011010011110111011110000000110111011010111001101100110100111001100000001011101100100000111110101101001100111111010001011110111010010010110100100101010001000111110
27 100 10000011000010100101110111000101111000101011000101010010110110110111101001010110011111010110110000010111101110111010011110111001101000010010001000101110111000011111011111000011001101101110011111001100100000010101111110000101111100001001000111101010001011110000010010101100110111000011001000110111
81 8 1011010011000100100101000110010101111110100001000111011010000111010100100111100111011011011100011100010001111110100110001010010000101000011001011010100111111100001000011001100111011100101110011111011100011011011100100110110111001100000011100001010010001110110110010001000000110101000011000010100101
81 35 100000101000100100110110101000100011011101001101101001110100100000101010101111111001110111111100101000011101010111110000010011000101101001011110010101011010100001110001101110010011100010110010001000100001100011001011110000111001111100001100001000010101111010000010001110010100101111010000000101101
96 100 1101001011000100110101011110000101110000001001100110001110100011010101010111110111001111011010101100111111101110111010111110111101101100011000110001101011111100001010111001010010111100110111111010000100011101011101110100001101001101001001100001011010001001010001000001010110110101100011001000100111
39 99 101001011011000101000101100100000101101001101010000111001010110000000110110101110110001010011111000110100111000110110010010010111001101001011010011001101010111000001100011001100101011101001000011111000100001001100001011111100101111101001000100011001010001011011011000000000110110101101111000000110111
12 82 100011001101100100100101100111010101011000101011110101011111000000010100101111001111011111111110000000111111100110111100001010011001001100011010111000101010111010000000000001010110011100101100011101000100011001011011111110000001101101000011100011111010001111011000000001110110100101101011001010100111
24 29 11000101100110100111110100001101101000101111000101100110010100110101101101110011011111011110100110010111000110111100001010011101101110011010010000101011010010000100001001010111011001111101011001000110100001001101111000111001011110001011101011110010000101011011000001001110000101000111010010100101
95 13 101010011000110100011101010000001111000001011010111011100000011010101100111100011000011011101111110010111100000010100001010111101101101010011011010101111111010011110001001000111011101110101001101010100001111011100110110010111001101101001100001110010011101010010010000110110100100101011000010111111
76 22 10101001001000100100100100011001101101101101111100001000010010100010111110101010111111011011110001110110111000010110100010010011001101101111011111010101110111100011100101001011001011110100100010101000000011101010101110010101011101101101001100001101010000011011100010001000110100100101011000000000111
