978
622 247 273 728 806 901 705 12 655 625 575 542 886 106 510 865 91 523 570 345 808 441 930 552 859 0 600 325 555 665 55 289 59 925 24 686 722 568 201 51 322 822 724 770 830 707 213 413 817 518 598 189 402 262 668 635 13 504 372 306 606 450 194 562 643 916 28 800 113 239 565 879 554 418 802 624 231 678 733 849 357 32 446 50 819 688 648 903 452 166 292 104 894 852 795 215 373 602 94 744 803 712 406 362 467 948 781 771 677 48 872 652 663 187 458 489 132 18 367 536 54 673 223 726 178 348 265 126 119 369 410 689 26 147 83 196 282 97 508 317 456 257 68 696 349 883 828 266 633 57 35 336 142 670 768 907 760 812 807 388 646 391 631 851 486 798 623 695 145 560 834 537 293 298 869 843 165 316 550 283 2 895 734 953 3 531 506 855 697 946 676 638 219 238 818 786 304 278 793 651 332 698 493 476 475 25 100 521 892 516 660 700 831 579 754 767 538 29 474 118 691 429 356 389 421 490 125 519 236 229 601 756 182 385 37 272 659 232 725 170 526 417 721 906 14 566 779 163 703 762 375 513 123 719 414 342 937 569 1 747 174 780 120 337 326 805 99 255 856 230 483 243 642 858 626 103 368 487 127 919 86 866 269 976 445 351 911 154 40 561 576 699 374 399 308 539 64 494 741 680 284 532 594 929 571 422 116 392 61 496 867 69 274 787 499 920 56 820 227 977 21 323 390 844 177 66 853 235 393 212 848 226 909 43 864 500 736 950 578 261 596 972 488 935 739 573 242 366 204 637 386 932 464 338 525 590 546 502 913 621 611 46 164 764 782 175 172 302 331 168 718 842 681 220 191 65 419 772 73 27 613 634 936 432 144 313 245 543 53 541 620 790 42 960 675 899 926 105 731 311 156 751 544 574 188 352 171 535 755 527 975 354 217 246 616 460 307 604 588 224 463 749 661 947 584 933 943 708 874 401 669 799 17 753 558 129 826 431 370 974 480 133 774 757 146 850 630 186 791 209 124 383 148 358 667 285 775 34 403 769 564 249 248 484 153 939 880 455 497 654 567 310 206 89 889 461 958 797 715 656 905 400 750 639 260 922 404 530 863 279 396 644 614 5 137 810 184 918 746 815 861 9 218 966 927 833 942 507 801 904 267 773 647 19 210 183 364 47 77 580 583 344 121 437 875 95 264 250 327 58 794 216 912 592 522 838 509 658 341 143 160 674 211 964 742 447 944 67 529 435 823 80 593 208 199 924 408 361 605 222 412 346 814 321 662 405 30 92 8 692 251 207 752 608 788 898 424 961 363 214 301 934 359 270 381 589 743 857 877 520 15 387 443 263 70 632 709 155 501 314 41 149 365 312 765 179 7 959 469 492 952 609 329 192 759 690 102 873 275 811 714 533 816 472 587 428 23 128 112 130 430 612 761 378 300 459 318 835 702 205 650 11 4 328 547 664 973 343 82 221 954 185 559 672 290 167 829 891 438 591 653 581 640 63 836 453 563 376 784 921 628 965 394 701 161 108 319 595 893 758 845 938 256 268 197 839 415 619 491 956 162 85 796 233 666 299 20 827 876 107 763 923 324 735 671 360 237 821 280 720 881 524 890 353 887 195 468 572 649 846 33 444 910 457 534 840 962 738 582 158 96 454 181 607 685 847 963 603 371 723 377 295 940 111 198 52 200 684 398 713 727 436 599 967 915 296 135 190 824 804 586 957 548 545 88 485 49 896 240 837 629 449 556 320 740 471 244 955 115 551 442 72 131 382 785 897 860 482 617 286 38 151 503 683 825 968 305 16 150 330 776 462 515 411 291 553 465 687 334 636 281 81 75 309 717 159 141 110 333 627 420 517 470 225 93 258 136 777 90 585 693 862 549 277 914 789 854 45 355 737 287 615 931 425 694 60 778 36 878 970 340 792 114 466 228 122 22 902 969 479 241 173 512 870 477 884 98 440 79 498 682 157 641 448 597 813 706 71 900 297 704 434 645 745 473 679 395 78 949 315 917 252 271 885 716 74 941 335 433 101 951 134 384 841 259 117 610 505 347 427 62 84 882 748 294 140 109 39 10 203 276 451 540 253 832 288 407 478 710 732 87 202 577 618 380 350 423 44 193 254 557 783 888 809 31 495 766 657 138 439 397 426 730 729 871 139 416 868 514 180 908 303 339 945 234 528 971 152 176 169 511 6 928 76 379 409 711 481 
364 633
735 633
5 735
5 95
49 95
399 49
399 698
698 565
632 565
632 360
904 360
904 418
750 418
750 211
563 211
671 563
953 671
953 262
262 506
506 538
688 538
688 107
108 107
196 108
196 68
68 831
513 831
213 513
944 213
44 944
44 232
574 232
574 663
663 930
415 930
415 372
680 372
166 680
166 751
751 480
480 87
87 977
492 977
492 794
794 493
493 371
661 371
810 661
124 810
61 124
61 155
109 155
109 254
189 254
189 113
195 113
195 215
122 215
801 122
202 801
202 318
759 318
759 719
157 719
157 934
934 176
470 176
409 470
409 437
391 437
391 873
873 669
669 775
775 914
914 847
449 847
200 449
100 200
771 100
674 771
674 260
260 646
646 883
942 883
542 942
693 542
693 381
45 381
7 45
7 509
509 237
237 167
167 726
620 726
620 686
871 686
871 597
250 597
163 250
46 163
621 46
621 85
266 85
266 21
573 21
573 479
479 300
55 300
55 183
4 183
10 4
37 10
37 78
78 575
575 647
647 432
432 954
954 212
212 422
422 56
710 56
710 395
382 395
531 382
531 361
144 361
144 496
292 496
738 292
738 842
842 623
616 623
428 616
43 428
478 43
845 478
705 845
499 705
499 512
512 402
402 615
641 615
641 273
273 545
785 545
785 701
570 701
570 925
925 881
929 881
929 192
795 192
161 795
161 350
947 350
171 947
171 444
337 444
886 337
886 132
101 132
101 159
884 159
728 884
789 728
665 789
665 596
596 895
431 895
431 76
76 65
98 65
605 98
605 314
314 345
345 695
876 695
168 876
168 378
378 112
112 852
852 457
457 460
460 447
239 447
216 239
282 216
282 154
760 154
760 423
423 9
770 9
770 434
657 434
1 657
840 1
840 808
808 247
639 247
740 639
748 740
748 443
704 443
704 86
86 791
820 791
455 820
455 365
536 365
536 815
79 815
79 191
191 948
199 948
828 199
828 681
299 681
299 275
324 275
483 324
484 483
373 484
373 158
36 158
551 36
551 243
708 243
708 877
638 877
638 734
734 654
221 654
907 221
907 249
249 30
500 30
500 559
559 612
587 612
102 587
102 392
836 392
836 147
147 75
42 75
149 42
715 676
676 16
16 175
13 175
858 156
156 287
359 287
359 879
879 723
723 786
786 533
244 533
244 333
694 333
694 396
317 396
88 317
182 88
182 93
93 835
835 768
679 768
481 679
755 481
967 755
967 146
146 6
6 510
576 510
576 961
474 692
474 765
765 419
419 888
568 888
138 568
731 138
931 731
526 931
519 526
519 825
813 825
281 813
281 912
912 135
829 135
829 896
552 896
17 552
812 17
812 867
867 869
252 869
99 252
99 974
48 974
48 649
279 971
902 971
307 902
851 307
851 598
523 598
495 523
799 495
263 799
263 169
630 169
253 630
253 453
453 628
628 916
968 916
288 968
288 451
451 52
52 153
153 779
436 779
436 385
385 445
445 117
117 949
949 783
853 783
602 853
906 602
906 227
227 817
629 817
129 629
128 129
69 128
956 69
827 956
757 827
465 757
798 465
125 798
220 125
220 792
540 792
540 442
442 856
856 134
123 367
123 248
248 240
261 240
261 656
90 656
90 370
370 233
970 233
970 177
862 177
629 862
629 407
407 363
41 962
600 962
600 915
32 915
295 32
841 295
841 173
696 173
301 696
265 301
265 972
637 972
637 635
890 635
890 60
60 703
703 91
180 91
180 604
834 604
834 198
313 198
313 613
28 613
564 28
564 236
236 756
756 709
619 709
619 472
472 490
490 921
386 921
400 386
322 400
322 140
529 140
529 811
811 880
774 880
742 774
742 174
814 174
137 814
790 137
790 797
805 797
677 805
3 677
581 3
411 581
655 411
800 655
456 800
417 456
178 417
178 644
644 197
197 368
368 926
482 234
234 348
348 975
975 452
323 452
323 369
784 369
294 784
294 224
293 224
430 293
430 707
59 707
459 59
459 162
487 162
487 130
130 668
668 634
160 634
935 160
935 119
969 119
277 969
277 739
903 739
329 903
351 329
308 351
749 308
887 749
887 603
592 603
53 592
491 53
491 439
439 566
566 585
251 585
251 97
97 673
673 951
951 741
235 741
11 752
752 882
773 882
773 222
631 222
306 631
899 306
899 438
550 438
626 550
626 384
823 978
165 978
165 807
807 885
802 885
802 203
776 203
115 776
115 724
724 610
732 610
290 732
290 464
464 226
271 226
476 271
476 441
441 766
636 766
636 468
468 865
219 865
205 219
421 205
421 89
89 105
105 609
416 609
717 416
717 353
353 689
666 689
666 788
298 788
298 803
803 624
624 860
854 860
854 928
928 343
278 343
278 141
116 141
116 204
18 535
517 535
241 517
241 355
229 355
229 712
516 712
208 516
720 736
331 720
80 331
720 446
446 164
94 736
94 327
837 331
80 188
269 94
588 80
274 94
736 25
588 787
501 188
274 832
489 501
80 335
16 164
837 282
311 282
164 958
864 787
955 832
489 111
446 618
720 429
525 489
736 699
327 589
327 849
274 72
467 429
958 711
913 274
699 146
269 866
849 894
943 311
80 475
713 274
849 658
209 699
66 467
891 501
498 588
280 269
94 316
670 316
311 486
498 702
16 556
111 34
670 397
736 505
973 489
304 713
23 702
832 843
352 274
426 589
582 164
344 866
383 891
501 257
475 682
466 188
743 955
486 897
72 507
913 427
547 864
964 699
190 489
670 424
106 843
111 889
338 864
901 743
34 611
184 209
424 651
274 778
690 274
762 282
304 477
608 280
394 25
699 578
727 282
737 618
901 544
672 466
504 352
754 964
507 796
943 859
331 850
342 702
440 762
411 720
891 284
320 80
901 26
259 682
181 787
737 185
713 643
342 494
424 607
588 569
502 578
919 164
642 188
8 967
754 57
66 245
608 591
798 762
433 23
118 475
514 397
697 209
321 467
188 857
316 627
35 832
206 280
446 133
380 106
832 67
94 218
567 837
737 945
955 82
591 721
504 458
569 151
713 848
588 235
702 918
394 289
475 601
643 393
334 967
938 958
838 393
362 848
682 518
110 25
767 955
507 84
798 40
746 713
259 389
121 40
121 31
150 787
530 857
894 33
846 567
309 859
911 184
664 849
297 362
467 376
475 326
958 548
143 164
209 312
595 582
894 878
767 782
379 143
267 720
207 335
900 945
118 617
276 84
92 690
866 398
14 383
700 894
945 917
857 818
796 744
711 401
872 317
672 730
832 816
782 541
782 675
691 838
366 569
846 325
8 606
818 960
919 733
516 782
84 497
652 518
518 448
548 114
405 326
758 730
375 8
614 652
939 675
652 63
918 716
691 136
685 114
675 745
555 960
31 747
39 206
932 151
848 920
601 349
640 969
606 473
233 572
554 846
601 450
267 515
543 848
52 330
47 150
401 580
312 96
685 532
413 675
497 503
911 193
518 374
700 650
413 560
420 389
824 746
332 450
640 319
855 136
193 230
652 270
96 77
606 238
326 965
328 319
846 194
33 70
769 229
861 640
347 614
207 272
328 777
387 769
414 716
675 2
207 463
462 96
744 528
571 782
366 892
816 924
617 940
924 268
691 683
640 142
826 560
905 401
485 543
340 816
54 414
594 230
527 691
405 127
148 541
511 325
684 650
283 448
584 675
640 893
960 201
819 685
809 965
136 898
420 152
264 580
861 354
963 924
539 77
256 594
898 648
522 330
238 20
562 354
909 892
851 126
614 145
826 936
286 648
406 347
413 714
932 412
485 839
374 223
648 81
454 809
238 583
898 706
558 503
503 104
839 579
562 103
927 554
927 557
976 127
131 924
580 804
851 561
48 81
255 839
898 687
957 594
332 242
74 648
377 420
48 821
225 256
819 306
937 225
821 577
70 844
454 952
264 910
74 524
286 659
238 950
868 539
22 264
328 781
593 145
412 722
285 152
485 83
546 861
874 868
772 936
579 62
910 922
946 952
463 310
469 937
285 870
315 462
527 336
599 539
358 62
772 793
58 20
908 142
187 793
508 976
256 139
537 527
714 15
863 537
959 103
937 803
839 210
822 557
50 131
793 228
590 469
410 863
966 809
549 242
950 488
187 186
803 302
957 622
804 725
139 408
120 590
936 172
217 50
725 296
870 923
408 390
12 804
714 388
403 228
81 764
952 357
976 645
763 242
833 557
179 966
780 62
223 24
590 806
172 73
29 937
941 83
435 558
868 653
170 764
821 64
667 923
546 461
71 210
806 246
471 687
38 285
258 546
19 725
645 305
718 764
346 781
718 404
537 291
225 933
339 822
214 83
315 520
662 291
404 729
946 521
285 425
830 946
874 761
170 625
586 761
356 179
660 388
534 653
258 553
408 303
678 346
341 24
875 170
51 729
780 753
408 27
231 214
