10
20 8
19 14 12 6 18 2 9 16 20 15 3 1 17 11 10 7 5 4 8 13
20 6
7 14 10 3 16 1 17 2 9 4 6 13 18 15 20 5 12 11 19 8
20 12
9 18 14 12 11 5 19 16 20 13 1 6 15 17 7 3 10 4 8 2
20 10
9 15 14 10 11 3 16 7 20 2 19 6 4 12 1 17 8 13 5 18
20 11
10 16 14 15 6 19 7 20 9 11 17 3 13 12 1 5 2 4 8 18
20 2
2 13 16 18 6 8 10 11 12 20 14 3 7 17 15 1 19 9 4 5
20 9
20 13 6 9 17 11 5 1 16 2 10 12 7 8 3 18 15 4 14 19
20 1
15 9 5 14 4 6 3 19 8 10 1 11 17 16 12 2 7 13 20 18
20 8
19 10 2 17 4 18 20 8 11 16 13 15 6 1 14 5 9 7 12 3
20 13
16 9 3 15 6 2 14 5 1 7 13 10 8 18 19 20 11 17 4 12
