10
50 6
18 6 34 21 22 14 39 8 47 19 43 13 30 15 49 25 9 24 44 3 27 40 36 31 42 50 29 26 12 10 32 4 23 41 48 16 37 7 11 46 1 2 28 35 45 33 5 20 17 38
50 19
7 32 16 28 13 33 25 18 49 30 9 38 47 46 14 12 37 50 11 36 40 26 48 21 8 17 39 34 5 35 44 1 4 10 41 24 22 20 43 15 42 29 45 27 19 23 2 31 6 3
50 4
48 12 7 32 17 30 15 40 21 34 49 37 1 25 44 39 13 4 33 29 35 16 11 10 27 47 26 31 20 45 14 18 24 50 9 23 5 43 2 8 38 42 28 3 36 46 19 22 6 41
50 29
8 13 35 7 18 32 24 22 1 45 17 43 36 29 40 11 23 30 27 38 39 34 44 25 41 4 12 33 21 6 20 28 47 37 15 48 9 49 10 26 5 31 3 19 14 42 50 16 2 46
50 13
20 18 11 47 35 31 38 9 7 25 45 43 40 13 6 22 15 44 34 4 50 5 32 3 8 36 12 19 23 27 16 42 30 21 46 14 10 24 37 1 41 29 26 49 48 39 2 33 28 17
50 15
4 37 8 20 17 40 44 22 47 46 2 1 16 48 19 23 12 11 36 13 43 27 31 42 24 34 39 30 9 25 33 50 32 35 6 28 41 21 26 3 5 45 18 14 10 15 38 7 49 29
50 7
7 4 41 13 17 28 9 49 18 22 44 24 40 10 35 15 37 45 39 1 27 36 33 11 5 34 31 25 48 16 50 32 30 23 12 6 47 38 20 19 46 26 2 8 21 43 29 3 42 14
50 2
9 29 40 47 14 22 27 20 43 28 16 50 46 19 30 33 49 15 39 4 5 44 34 21 31 10 45 23 8 11 18 26 24 48 13 42 36 35 12 38 1 6 3 17 7 37 25 2 41 32
50 1
19 27 22 46 43 5 34 30 40 18 48 44 12 35 39 14 9 13 28 47 31 50 1 49 6 32 10 42 2 4 7 16 25 11 33 41 36 37 20 24 26 45 8 29 38 15 21 23 3 17
50 28
2 16 36 27 3 30 18 50 44 23 37 29 5 46 42 38 34 1 24 14 17 6 41 15 39 28 31 45 47 9 26 25 48 11 10 49 35 13 7 21 19 43 4 32 22 20 40 8 12 33
