50
20 7
4 6 9 10 7 2 17 15 1 12 13 8 11 18 16 5 20 19 3 14
20 10
1 3 17 6 8 5 15 10 12 16 14 7 18 13 9 20 4 19 2 11
20 15
20 6 2 1 10 4 7 16 11 5 9 14 19 15 12 8 3 18 17 13
20 6
16 7 3 19 2 4 13 9 5 12 10 14 15 11 8 17 18 6 20 1
20 3
14 1 15 18 4 12 16 3 5 8 17 10 19 2 9 13 7 6 11 20
20 1
5 17 1 13 11 10 16 19 6 2 3 20 9 12 14 18 8 15 7 4
20 2
9 1 14 12 11 19 20 7 6 2 15 4 18 17 3 5 10 8 13 16
20 10
2 14 20 10 1 9 3 8 17 11 19 15 18 7 4 12 6 16 13 5
20 7
20 17 7 10 14 13 11 3 2 8 6 1 12 19 15 9 5 16 4 18
20 15
19 12 7 4 2 20 11 3 17 9 6 16 18 10 1 14 15 8 13 5
20 19
8 12 14 3 15 2 11 16 10 5 18 7 6 1 4 20 17 9 13 19
20 14
15 16 7 12 6 8 11 1 19 3 4 17 20 9 10 2 13 14 18 5
20 18
19 13 15 1 8 20 7 6 11 5 9 14 4 18 2 17 12 16 10 3
20 14
18 8 15 1 14 13 2 12 4 16 5 7 19 11 17 10 9 3 6 20
20 12
2 12 13 7 20 3 19 11 10 4 5 17 8 15 18 1 16 9 14 6
20 10
3 6 18 5 11 17 20 1 14 16 9 15 10 19 13 4 2 7 12 8
20 3
1 15 16 2 14 12 5 7 17 6 18 11 8 9 3 10 19 13 4 20
20 6
8 7 20 11 14 3 4 15 9 19 12 6 13 2 16 10 1 5 18 17
20 7
5 4 11 8 3 1 2 12 19 14 9 17 6 7 16 18 13 20 10 15
20 14
5 7 12 19 20 10 6 2 14 9 18 1 15 3 13 8 4 11 16 17
20 10
13 19 14 16 4 6 12 5 15 17 8 7 10 11 3 18 9 2 20 1
20 16
6 11 4 7 5 10 17 20 18 15 13 2 8 19 14 9 1 3 16 12
20 6
9 19 2 16 8 12 11 7 13 3 5 18 15 6 20 10 14 17 1 4
20 11
15 17 3 18 13 2 12 6 11 20 10 14 9 16 7 19 5 8 1 4
20 16
13 7 16 14 8 6 4 5 17 12 10 15 11 19 20 2 3 9 18 1
20 18
11 6 16 5 18 12 19 17 13 7 14 1 8 2 3 20 9 15 10 4
20 17
5 14 18 13 2 8 11 3 7 9 6 16 15 4 20 12 1 19 17 10
20 12
11 13 10 20 8 3 15 6 16 17 5 7 19 14 1 2 4 9 18 12
20 6
5 12 16 4 7 13 10 20 8 18 3 14 1 2 9 11 6 17 19 15
20 18
3 4 19 2 8 9 5 13 11 14 6 7 20 12 17 1 15 10 18 16
20 16
18 8 13 4 11 16 2 19 3 17 1 20 5 15 10 7 9 14 6 12
20 1
8 18 1 13 12 6 16 17 11 5 20 10 15 2 19 7 14 4 3 9
20 5
20 15 9 1 19 3 7 11 12 16 8 4 2 17 14 10 13 5 6 18
20 18
11 6 20 12 7 18 9 5 2 13 16 17 8 3 19 1 10 4 14 15
20 4
17 8 15 3 13 10 4 9 1 6 19 20 14 5 2 16 18 12 7 11
20 5
4 1 12 16 20 14 18 15 3 5 10 17 19 11 8 13 9 2 6 7
20 3
19 18 10 11 6 20 5 3 2 1 13 12 9 17 16 15 7 4 8 14
20 20
6 1 9 5 8 20 18 12 13 3 10 15 19 17 7 11 4 2 14 16
20 9
11 6 16 5 2 9 13 7 3 19 17 4 18 12 20 8 14 10 1 15
20 6
5 12 9 6 17 2 16 20 3 14 8 18 7 15 13 11 10 19 4 1
20 14
8 2 1 20 18 7 15 16 14 10 11 6 3 4 5 13 9 17 12 19
20 11
14 15 12 13 11 20 3 7 18 8 19 9 1 5 2 16 6 17 10 4
20 14
12 7 13 14 20 3 18 19 6 11 2 8 5 9 4 15 17 10 1 16
20 14
19 11 1 16 14 18 20 5 9 6 17 12 8 10 7 4 15 2 3 13
20 2
15 18 1 5 11 3 8 19 20 17 4 6 7 9 2 13 16 14 10 12
20 2
16 5 1 7 20 12 8 9 13 6 10 17 15 18 14 3 2 4 19 11
20 8
19 13 8 17 1 18 16 10 11 7 12 15 20 14 5 3 6 9 4 2
20 1
5 18 8 3 19 16 6 1 2 12 7 9 14 13 17 4 11 15 20 10
20 15
16 9 4 10 8 2 19 12 20 18 14 7 11 17 15 3 5 1 13 6
20 17
3 5 2 11 12 19 1 17 15 20 4 10 6 8 14 13 16 18 7 9
