100
50 50
27 6 28 33 22 34 35 48 13 17 39 8 3 20 11 32 46 37 2 31 24 18 29 23 41 40 26 36 30 12 10 19 14 9 44 15 4 45 49 7 5 38 21 25 50 16 47 43 42 1
50 43
35 9 43 17 13 39 1 34 30 15 32 37 29 19 24 23 22 26 11 42 44 45 47 6 2 21 20 36 8 14 4 10 18 16 7 50 33 28 48 5 38 27 3 49 25 41 31 12 40 46
50 13
31 33 25 17 13 19 37 3 24 46 6 2 14 28 15 30 27 48 10 40 1 38 8 16 43 50 32 23 5 42 41 4 11 39 49 34 18 29 26 45 20 36 12 9 47 35 22 7 21 44
50 47
26 17 5 8 19 46 24 49 28 50 35 36 3 14 1 18 32 2 37 12 42 34 9 47 10 21 25 4 27 22 13 30 15 44 7 11 6 23 45 40 20 29 38 39 31 43 41 48 16 33
50 38
39 20 41 24 22 50 49 1 37 11 3 29 13 45 31 30 26 47 14 18 4 23 34 43 21 5 7 12 46 44 15 48 19 10 38 8 25 36 35 16 17 33 2 40 9 28 42 32 27 6
50 23
45 47 7 30 44 38 8 32 24 26 41 42 10 35 19 49 22 18 37 31 4 34 15 48 14 1 25 16 5 9 27 20 40 23 21 11 12 50 6 2 39 13 3 33 29 46 36 17 43 28
50 41
5 42 37 19 3 7 2 41 36 44 6 21 17 10 4 16 29 28 45 9 11 39 48 35 50 47 12 20 46 23 34 8 33 1 15 38 13 31 32 14 43 25 27 30 18 24 26 40 49 22
50 18
16 9 18 36 15 45 49 27 17 47 1 7 11 8 42 12 34 21 22 40 33 39 5 29 10 4 30 46 43 24 13 41 19 31 32 48 6 35 28 23 50 26 20 37 14 2 38 44 3 25
50 14
26 47 35 1 46 50 14 37 2 4 18 40 12 30 5 48 10 28 36 39 32 22 27 6 20 3 24 17 23 25 42 33 7 16 21 44 49 31 29 15 41 43 8 9 11 45 34 19 13 38
50 39
33 4 19 49 25 21 39 17 34 41 48 9 45 42 46 44 12 24 3 13 10 18 15 16 50 31 29 26 43 38 27 30 6 7 2 20 32 14 23 36 28 40 11 8 5 35 37 22 47 1
50 5
33 1 8 47 28 21 17 26 45 25 11 15 42 6 34 35 38 9 50 30 20 5 29 48 40 10 13 49 24 31 2 12 3 23 14 4 39 43 27 18 37 19 7 46 36 32 44 41 16 22
50 44
43 12 31 45 15 11 36 30 35 3 33 18 40 37 28 47 9 20 49 29 41 46 2 19 25 14 6 24 39 22 1 8 48 10 23 4 13 7 38 5 17 16 50 21 27 42 26 44 32 34
50 31
13 29 36 15 41 25 14 12 35 11 43 5 8 49 23 33 47 22 20 17 44 28 6 32 18 42 21 2 46 7 31 26 48 4 1 19 34 24 16 50 40 45 3 37 39 10 9 30 27 38
50 25
30 10 21 39 35 26 34 23 29 11 49 38 24 4 1 40 2 46 41 13 48 27 7 3 28 15 16 22 12 6 44 19 37 8 31 50 20 17 42 43 36 33 18 5 45 25 47 9 32 14
50 3
39 15 32 45 38 29 4 31 44 47 8 41 26 11 21 46 13 18 14 16 33 35 50 37 10 9 42 28 43 48 30 5 1 6 12 19 2 3 7 27 36 17 23 24 49 22 20 25 34 40
50 20
47 38 50 19 23 39 16 4 14 41 7 40 10 17 21 27 48 32 31 18 15 13 28 49 46 44 3 24 22 12 34 11 30 26 20 33 29 8 43 6 5 25 42 9 1 37 35 45 36 2
50 12
23 27 50 33 21 12 8 49 4 15 36 16 2 31 5 20 43 13 18 28 6 22 48 46 25 11 29 44 39 26 47 9 38 7 34 42 41 19 3 35 14 32 1 10 24 30 40 17 37 45
50 31
29 27 23 18 1 37 44 33 49 22 34 8 16 39 46 10 9 11 12 40 5 32 45 50 42 43 17 6 21 13 20 2 26 36 25 38 14 41 30 35 24 7 31 15 28 19 47 48 4 3
50 19
18 25 44 7 45 28 50 22 38 26 24 21 4 17 42 39 40 32 1 3 37 46 41 11 15 29 19 35 16 47 2 49 6 36 9 43 34 33 30 20 23 10 5 13 14 12 8 31 27 48
50 33
16 23 37 30 6 2 12 7 8 26 33 3 29 34 48 25 10 24 15 4 40 39 35 32 22 50 41 9 43 45 14 17 19 46 49 13 5 28 31 20 27 18 1 21 44 42 47 38 36 11
50 23
26 3 20 46 27 8 34 24 18 23 5 38 41 39 22 6 7 48 30 31 42 32 28 50 9 12 19 36 16 14 25 15 13 49 10 44 33 43 21 35 1 29 45 2 47 17 37 4 40 11
50 2
31 40 34 22 18 33 23 21 5 14 8 44 37 7 27 4 41 11 24 28 36 9 45 35 15 20 30 48 26 16 50 49 3 46 42 47 17 12 38 10 19 25 32 29 39 2 13 6 43 1
50 3
6 37 33 42 13 50 10 27 25 23 17 39 36 19 38 5 30 8 46 20 11 16 32 43 41 28 29 26 44 12 48 1 49 9 3 4 15 22 7 47 45 35 2 24 40 18 31 21 34 14
50 8
49 44 15 10 36 12 23 31 19 28 21 33 41 14 26 29 13 32 38 34 39 2 50 9 17 16 42 22 47 30 46 20 1 7 4 35 8 48 45 25 43 24 11 18 27 6 3 37 40 5
50 5
4 24 34 27 29 45 40 2 10 21 35 22 9 13 26 36 39 20 25 12 23 19 48 41 14 17 18 3 33 46 7 47 42 32 15 8 49 38 44 16 31 37 6 30 5 28 43 11 50 1
50 18
29 25 38 45 26 47 6 9 37 23 42 20 43 7 4 17 33 14 21 32 18 27 10 15 48 13 49 2 1 36 31 34 28 35 39 24 5 3 30 44 8 12 41 19 22 46 50 40 11 16
50 23
8 31 18 29 27 43 17 49 44 15 28 22 20 2 42 5 50 10 37 33 9 14 35 21 16 1 47 30 7 45 11 23 6 39 25 46 38 48 36 19 24 34 13 4 41 32 26 40 12 3
50 25
3 47 21 20 12 25 2 22 30 31 16 8 14 34 6 5 17 19 27 1 26 36 29 23 11 15 50 43 42 46 35 7 28 41 40 45 9 13 38 49 39 4 33 18 37 48 44 24 10 32
50 47
33 49 23 17 25 7 9 26 12 15 36 5 28 3 18 31 39 47 40 11 2 16 32 10 24 43 13 46 30 14 37 27 19 4 44 48 42 38 1 35 22 29 34 6 8 21 45 50 20 41
50 7
24 29 42 12 14 27 35 37 39 34 2 31 47 7 26 5 22 43 28 46 21 25 8 33 36 11 40 32 9 20 1 49 45 30 15 17 4 50 38 41 23 44 48 13 18 19 6 10 16 3
50 4
12 5 38 48 45 33 39 1 19 32 17 9 18 20 47 42 34 10 15 36 8 37 46 4 43 21 35 49 50 25 40 3 29 26 2 27 44 13 28 30 16 23 31 11 6 7 22 24 14 41
50 41
32 24 42 17 34 45 29 28 26 16 48 39 36 14 1 18 13 35 47 21 43 40 20 27 23 50 4 22 44 11 31 33 10 49 6 9 15 46 2 8 30 12 25 5 3 7 37 41 19 38
50 4
6 8 7 33 39 9 1 30 4 32 20 24 15 23 21 46 3 28 47 42 26 35 44 45 17 31 37 12 41 11 27 18 49 14 13 25 22 16 34 40 29 48 43 19 38 36 10 5 2 50
50 28
15 16 45 35 21 40 12 8 42 47 1 50 14 44 6 24 4 32 48 10 43 3 29 9 25 49 13 7 37 22 27 20 46 17 30 19 26 38 34 36 39 23 28 33 31 41 11 5 2 18
50 13
45 17 7 34 29 26 16 39 50 21 20 13 9 8 48 22 35 3 42 40 2 19 12 5 15 24 23 47 41 18 33 27 25 1 4 32 6 37 14 46 30 11 38 31 28 36 10 44 49 43
50 43
13 39 49 34 30 6 44 10 40 48 15 38 22 33 29 1 23 14 2 11 8 31 24 41 32 3 18 5 43 17 35 16 12 28 7 27 9 36 50 20 4 37 19 26 25 47 42 45 46 21
50 6
34 49 40 14 10 6 46 23 39 41 15 48 8 4 43 47 16 28 25 33 32 36 3 38 26 50 44 12 30 22 31 2 18 27 20 37 21 1 5 13 9 24 11 29 17 42 35 7 19 45
50 29
11 22 9 19 15 34 20 32 35 39 1 28 43 5 50 23 36 8 26 12 27 29 47 33 3 21 6 31 13 10 44 4 16 25 7 18 17 2 45 38 40 14 46 41 37 48 30 42 24 49
50 7
34 37 3 15 13 42 4 14 8 9 23 50 47 35 40 46 29 30 5 25 26 32 22 33 28 38 31 19 6 16 20 44 45 7 39 12 18 48 43 21 41 24 36 27 2 49 10 1 17 11
50 28
26 48 20 10 25 37 47 38 13 34 29 11 45 23 1 32 3 9 5 12 4 35 36 40 50 16 2 41 14 19 24 42 46 27 17 33 31 44 43 8 18 21 28 49 15 30 6 22 7 39
50 12
33 34 21 30 44 50 22 3 16 15 5 24 39 18 13 26 32 37 35 14 6 7 20 36 27 47 1 25 41 48 46 9 11 43 10 4 31 8 12 17 2 23 29 38 19 45 49 42 40 28
50 49
36 16 42 1 15 10 11 44 33 29 40 24 22 7 9 13 19 41 35 48 38 12 27 17 3 47 21 20 25 28 34 45 31 50 5 8 4 49 46 30 18 43 32 37 26 6 23 39 14 2
50 45
10 17 7 20 31 43 39 13 11 37 33 23 15 47 25 36 9 21 14 26 30 45 41 12 34 42 32 3 16 18 1 50 28 8 5 35 38 49 4 46 22 2 6 40 29 44 48 24 27 19
50 11
23 24 42 37 49 32 41 15 14 16 33 48 11 21 35 2 29 25 6 19 4 44 31 20 34 26 47 43 3 12 40 13 17 1 5 36 45 22 30 39 46 18 50 7 8 38 10 28 9 27
50 38
9 7 33 8 50 6 12 39 35 19 17 41 40 10 4 18 28 29 31 37 2 16 43 46 38 42 44 36 34 32 13 24 48 30 22 45 25 11 49 14 26 15 23 5 1 27 20 47 21 3
50 17
28 16 6 44 36 48 35 19 43 47 46 11 14 22 24 13 18 4 33 21 29 41 17 7 31 9 40 38 37 32 5 2 10 8 39 15 25 3 20 34 27 50 12 45 49 42 1 30 26 23
50 45
3 46 33 41 36 12 10 25 50 4 8 7 29 27 45 28 6 32 14 38 15 39 20 44 49 2 42 1 31 30 17 22 37 48 5 18 26 40 23 16 9 11 34 35 21 13 47 43 24 19
50 32
6 23 25 1 31 5 10 21 43 37 7 38 29 34 9 42 13 35 3 24 22 4 45 49 28 46 17 39 50 44 33 26 36 47 19 40 8 12 27 48 30 16 32 11 14 18 41 2 20 15
50 10
17 34 9 1 38 33 32 24 3 15 4 45 18 8 5 11 50 44 7 28 46 26 14 12 29 23 20 13 43 39 10 47 48 27 2 41 42 36 21 25 30 6 49 35 16 40 22 37 31 19
50 34
44 36 40 32 28 17 13 47 26 43 34 18 48 4 16 42 37 46 22 6 24 30 39 38 7 50 11 23 12 5 35 20 8 21 2 45 1 15 3 10 27 33 29 9 14 31 25 41 49 19
50 16
48 21 27 25 29 43 39 19 11 49 22 35 6 42 38 12 33 41 1 16 2 3 26 17 28 47 34 4 30 15 50 36 8 40 9 20 45 7 13 31 32 37 23 18 44 14 24 10 5 46
50 32
18 34 28 48 13 2 12 35 27 5 36 42 43 1 14 22 40 6 37 11 39 21 46 25 26 50 24 23 17 15 3 31 45 29 20 38 32 41 30 19 10 16 4 47 44 8 7 33 49 9
50 25
16 4 8 30 15 6 7 41 17 2 39 36 44 9 1 12 18 45 49 11 19 10 43 21 48 33 24 35 26 37 34 23 14 5 28 22 27 29 50 42 20 38 25 47 40 46 13 32 31 3
50 37
10 26 7 17 14 27 5 9 2 39 49 8 46 20 40 21 29 47 38 48 44 3 35 28 22 41 50 25 4 6 30 31 42 43 34 37 24 15 12 11 16 32 13 33 45 18 23 36 19 1
50 33
20 41 26 32 6 49 46 44 4 9 33 29 45 40 23 25 14 34 35 13 17 21 12 5 50 16 8 38 18 2 15 37 43 28 3 19 36 27 31 48 22 11 30 42 10 1 24 39 7 47
50 16
34 36 37 26 45 13 20 1 21 38 7 10 41 15 16 42 2 27 9 18 31 44 46 29 22 12 35 40 49 50 5 14 6 28 48 32 30 43 39 33 8 17 47 24 19 25 4 3 11 23
50 30
1 47 28 17 11 48 12 35 13 41 3 37 34 39 24 15 46 4 6 44 50 40 43 7 23 16 45 36 33 29 9 30 22 20 2 32 21 5 19 8 27 10 14 42 26 18 31 25 38 49
50 35
2 37 40 44 45 20 33 7 4 1 12 8 39 42 26 30 19 46 29 9 14 34 24 31 38 48 41 49 5 32 25 36 21 13 23 35 3 43 17 6 27 18 47 16 11 50 22 28 10 15
50 12
2 37 45 23 18 33 44 34 31 49 5 11 26 6 12 42 10 28 21 30 25 17 36 20 35 16 24 1 15 8 7 39 47 41 29 46 38 13 48 3 4 32 50 22 40 27 19 14 9 43
50 11
47 16 27 19 40 3 35 8 13 5 21 14 17 15 29 41 25 12 26 45 18 31 32 22 23 4 6 2 24 46 30 49 33 28 1 11 34 42 39 38 43 9 50 10 7 36 48 20 44 37
50 44
41 30 19 12 33 47 39 43 29 21 42 46 7 22 2 35 17 20 18 23 3 26 10 38 15 13 31 27 28 49 32 16 14 5 11 37 50 40 44 4 25 1 34 9 8 6 36 48 45 24
50 28
1 10 13 37 4 21 9 34 12 36 7 15 49 47 32 14 29 8 28 42 25 3 31 41 45 20 6 46 38 48 2 18 23 33 19 35 26 40 27 16 44 43 17 5 30 11 39 22 24 50
50 37
18 33 46 24 31 12 34 4 8 3 44 6 14 47 26 43 16 50 21 17 28 13 48 36 9 2 32 7 42 27 10 1 40 20 41 38 5 49 11 15 23 25 30 35 39 37 45 29 19 22
50 4
50 21 49 20 41 9 13 37 25 44 2 14 7 39 32 22 23 10 4 30 3 24 6 47 27 40 38 46 12 16 43 26 18 1 29 31 19 15 28 11 45 35 17 42 36 33 8 34 48 5
50 20
45 27 38 17 5 44 13 11 8 50 42 6 37 22 36 35 20 2 28 30 31 49 29 40 34 1 43 15 4 39 48 14 9 24 21 26 12 16 3 32 19 23 46 47 10 25 33 7 18 41
50 18
43 1 45 15 18 7 21 50 19 46 37 33 31 6 12 25 36 40 34 44 4 32 27 20 49 3 13 22 17 41 5 28 14 8 29 35 26 11 2 24 10 30 39 23 38 42 48 9 16 47
50 37
49 9 19 38 13 39 21 47 17 44 37 10 24 8 22 45 42 7 28 11 36 32 3 35 23 33 14 5 2 4 34 12 15 48 20 50 30 26 41 40 16 27 25 31 6 1 46 43 29 18
50 28
31 4 22 9 17 8 13 14 27 12 50 37 3 20 46 41 15 38 28 30 24 29 34 49 21 6 7 18 43 36 44 16 48 42 2 33 19 1 10 26 25 11 35 32 40 23 47 45 5 39
50 49
36 48 35 25 6 38 10 32 3 15 4 8 47 5 39 41 12 42 19 17 23 46 34 24 29 30 37 2 20 43 11 1 26 50 13 7 31 16 33 14 45 9 44 49 40 28 18 21 22 27
50 10
29 13 40 47 41 18 49 43 32 25 21 26 23 19 14 17 37 39 31 6 3 5 48 8 11 7 35 30 44 50 10 42 28 22 34 4 27 1 24 2 33 36 46 15 38 9 20 12 16 45
50 24
45 50 48 37 28 15 23 10 4 21 22 43 32 30 9 16 17 14 31 19 29 47 8 12 35 13 49 34 24 41 3 44 27 7 11 40 18 26 36 1 33 46 2 38 25 5 39 20 6 42
50 45
21 3 10 39 11 36 47 49 24 1 22 7 25 45 30 14 18 40 27 48 9 26 50 2 6 15 32 34 5 29 4 37 35 13 12 8 38 33 20 23 19 44 28 17 42 31 16 41 46 43
50 6
22 6 35 29 18 28 50 4 34 11 5 30 39 23 17 7 3 43 33 38 14 2 13 44 46 36 31 45 32 27 42 20 41 48 21 40 37 10 24 47 12 8 19 16 1 26 9 49 15 25
50 31
47 21 28 44 20 39 18 30 15 3 25 8 37 12 49 1 9 41 42 2 29 7 6 38 40 24 48 45 26 35 46 31 23 16 14 50 11 36 22 33 13 32 34 5 4 17 19 27 10 43
50 6
37 24 38 23 49 40 5 47 16 20 19 17 6 7 8 26 46 2 13 25 33 31 3 10 50 28 41 44 45 21 34 39 30 43 1 42 11 22 32 15 12 4 27 14 29 36 18 9 48 35
50 12
42 24 38 19 44 6 46 26 37 29 33 20 11 31 15 39 5 17 4 14 22 21 45 28 34 9 49 18 3 36 7 41 43 35 8 32 12 1 27 40 2 25 30 50 16 23 13 10 48 47
50 16
39 3 20 33 46 41 9 8 27 28 45 48 37 42 29 40 44 15 11 36 43 32 30 21 1 34 17 10 14 31 19 35 26 6 4 50 16 12 47 13 49 38 23 7 2 18 24 22 5 25
50 4
23 31 27 21 26 6 42 46 44 12 29 40 8 7 19 41 36 22 37 15 3 14 45 11 32 34 39 35 50 47 1 17 16 28 5 18 30 10 20 24 38 48 2 4 13 43 25 9 33 49
50 13
19 25 28 29 23 3 34 32 22 26 15 42 2 41 7 8 4 43 37 1 6 9 14 44 27 38 50 33 11 12 5 48 10 30 17 24 39 40 16 35 45 13 49 31 47 21 36 20 18 46
50 12
15 7 35 50 32 36 49 19 29 47 25 8 21 3 42 20 27 10 44 46 41 28 23 22 2 37 18 14 17 13 34 33 43 26 40 9 45 30 12 11 48 5 38 6 4 24 16 31 1 39
50 44
30 9 39 1 4 42 46 37 2 17 13 28 43 7 41 33 35 25 34 5 23 32 26 21 49 15 36 38 8 45 31 50 47 24 40 12 48 18 22 20 6 3 16 19 11 29 27 14 44 10
50 31
2 21 5 35 10 30 37 17 32 31 44 42 7 16 47 34 6 45 40 8 18 43 23 48 9 13 4 27 12 36 50 29 49 20 1 22 14 28 11 41 33 3 24 19 26 46 38 39 25 15
50 16
28 50 1 38 11 5 13 27 23 21 26 37 40 49 29 16 17 22 25 2 8 48 18 10 39 7 35 32 47 24 20 3 33 12 41 36 46 30 9 19 15 44 34 4 43 42 45 31 6 14
50 13
46 21 12 48 1 8 5 19 39 49 33 40 41 11 25 22 10 27 17 47 14 15 20 43 36 7 45 29 3 32 30 50 13 18 4 28 35 16 26 31 24 42 23 44 37 2 9 38 34 6
50 44
45 23 42 22 24 4 18 29 17 25 37 14 16 12 35 13 46 28 38 44 26 41 30 40 47 11 27 5 43 32 48 34 9 19 31 3 49 21 6 2 33 1 50 39 36 20 10 15 7 8
50 43
20 4 39 16 1 13 30 22 41 21 27 49 48 25 33 44 34 35 8 19 50 2 10 38 42 12 32 5 47 37 11 29 40 14 46 17 45 7 3 24 36 28 6 9 15 18 26 43 31 23
50 8
31 5 33 14 10 7 26 44 11 29 47 28 34 16 40 22 15 36 30 8 49 32 41 46 6 1 24 18 27 20 17 25 19 2 38 3 48 42 13 43 9 50 12 39 4 35 23 45 37 21
50 19
23 43 16 46 10 30 2 29 32 7 17 27 50 33 34 18 48 8 49 11 44 20 3 4 47 45 39 14 38 31 21 5 28 15 6 24 36 13 19 9 37 42 12 40 41 25 22 1 26 35
50 6
9 1 36 46 50 18 38 16 6 10 22 29 42 25 28 7 32 35 23 15 30 34 2 13 24 17 14 43 41 26 20 44 4 48 12 21 49 33 19 45 37 27 11 47 40 8 31 5 39 3
50 25
25 21 44 14 16 46 48 19 35 13 3 34 37 42 50 30 31 41 18 4 17 38 24 11 29 45 36 28 40 26 12 47 20 49 43 27 10 9 33 1 23 8 2 39 22 15 32 6 5 7
50 15
45 33 37 38 27 15 6 8 20 13 9 3 32 48 2 12 29 42 35 11 34 26 19 16 30 5 1 43 18 39 28 44 14 31 23 50 4 46 25 24 21 22 10 17 7 47 36 40 41 49
50 9
18 5 47 49 3 45 17 23 34 6 1 16 50 12 20 27 43 9 4 32 11 22 29 36 46 26 31 19 35 25 15 13 21 48 24 37 10 44 39 28 7 14 33 2 30 41 40 38 42 8
50 3
20 11 46 13 43 7 32 12 17 38 40 6 34 48 42 26 27 4 3 2 44 21 14 25 28 19 30 41 1 18 16 37 22 45 24 5 15 23 8 33 29 47 36 31 35 39 9 10 49 50
50 17
48 6 49 40 13 17 26 34 3 43 2 15 45 27 38 7 46 39 14 36 41 25 16 37 5 42 12 32 24 47 11 28 10 31 35 33 1 19 8 18 30 21 44 29 23 20 9 50 22 4
50 32
6 12 2 15 21 42 27 16 40 50 29 44 1 9 22 23 41 43 37 5 25 4 7 17 8 14 18 28 13 19 38 35 11 32 24 34 39 20 47 30 31 48 49 33 3 46 26 45 10 36
50 21
43 17 32 25 49 9 19 50 6 34 24 14 44 38 4 41 29 22 45 33 30 27 39 16 31 36 40 21 42 1 28 10 20 12 35 26 48 18 46 2 37 13 3 7 23 8 11 47 5 15
50 1
35 12 37 18 17 4 6 2 10 34 8 25 29 7 40 32 5 43 23 28 41 27 36 13 26 1 30 19 9 45 39 14 49 33 47 48 21 22 38 44 24 3 20 16 50 42 46 31 15 11
50 16
30 49 47 27 32 40 48 8 26 29 34 44 17 37 1 36 28 10 14 35 21 45 20 19 3 24 33 22 38 5 11 39 46 50 2 41 42 13 43 15 23 4 16 9 25 6 31 12 18 7
50 13
26 20 49 38 48 10 30 8 12 24 1 18 22 9 32 37 19 5 2 17 40 45 50 44 34 36 4 3 46 33 21 14 27 43 25 16 23 28 47 35 11 41 7 6 13 39 42 29 31 15
50 15
4 23 35 24 5 20 13 16 19 10 27 14 40 50 9 1 48 26 38 49 31 39 22 11 44 42 2 12 37 47 33 34 30 8 41 21 15 29 18 36 28 45 6 3 17 25 43 32 7 46
