10
50 40
31 47 23 41 49 50 34 4 1 14 30 27 19 25 26 2 32 22 10 21 46 3 48 35 9 13 20 42 43 17 29 12 15 7 36 45 40 24 11 38 39 28 44 5 37 33 18 8 6 16
50 4
25 38 6 31 10 24 13 41 42 18 19 21 27 48 49 45 28 1 2 30 5 12 7 16 44 3 47 17 8 15 20 11 26 9 50 4 46 32 43 14 22 33 40 36 35 23 29 34 39 37
50 38
24 49 10 6 43 45 47 40 34 12 14 46 9 19 37 13 48 29 5 21 4 33 16 25 31 18 1 26 39 7 8 23 2 42 27 20 3 11 38 36 50 44 28 35 32 15 17 41 22 30
50 13
15 27 38 32 28 48 18 21 23 33 22 16 26 45 2 37 8 25 1 24 43 13 4 20 29 31 36 44 9 10 7 3 12 14 11 5 40 50 46 34 42 17 41 39 47 35 30 49 19 6
50 34
36 17 5 10 37 42 12 6 39 47 30 32 29 22 31 3 8 34 11 40 35 16 24 26 41 7 14 15 21 19 46 44 9 33 13 25 43 18 27 45 20 2 4 28 23 1 50 49 48 38
50 14
50 47 17 11 40 37 13 2 43 35 26 10 15 44 28 23 9 49 39 30 5 25 8 14 1 3 42 22 48 4 33 41 16 19 31 27 20 7 21 34 46 38 18 32 6 36 12 24 29 45
50 39
17 27 30 18 16 11 35 4 38 37 19 31 13 39 32 42 28 43 45 5 44 49 36 15 21 34 9 24 6 22 41 2 3 1 47 7 48 40 50 25 23 26 29 20 46 10 12 8 14 33
50 11
49 7 27 39 18 36 34 50 20 11 48 8 26 6 17 41 21 10 9 35 40 2 14 42 44 1 15 5 37 28 16 33 45 29 46 24 22 23 31 4 38 13 43 3 30 12 47 25 32 19
50 37
24 48 42 10 22 47 35 37 1 6 17 46 9 12 11 25 41 50 32 3 23 27 26 5 43 39 18 20 45 33 19 14 16 31 30 34 7 44 36 21 29 13 15 8 2 40 38 4 49 28
50 12
29 3 39 38 11 41 1 27 48 33 23 14 6 21 49 16 13 46 43 25 42 5 17 9 19 22 37 4 28 40 10 20 50 26 35 30 31 34 18 2 8 36 44 12 7 24 32 47 15 45
