2000 1457 911
1 265
2 545
3 728
4 452
6 346
8 883
10 750
15 362
16 806
17 142
18 280
20 471
23 16
24 217
25 318
26 626
27 294
28 813
29 822
30 234
31 621
32 330
33 558
34 659
37 32
38 871
39 488
42 757
44 16
47 126
49 385
50 393
52 359
56 228
57 654
60 471
61 141
62 530
64 391
65 542
66 716
67 737
69 612
70 607
71 71
73 210
74 203
76 575
78 523
79 177
81 14
83 909
85 599
86 228
87 406
88 580
89 620
90 324
91 358
92 576
93 115
96 311
97 739
98 315
99 245
101 772
103 841
104 114
106 612
107 605
108 449
109 26
110 905
113 306
114 771
115 502
116 329
117 385
119 130
120 329
121 450
122 283
123 445
126 443
127 19
128 556
129 668
132 373
133 240
134 717
135 136
136 423
137 836
138 130
139 886
140 99
142 732
143 167
144 627
145 370
146 718
147 106
148 326
149 322
150 436
151 206
152 808
153 351
154 209
155 850
156 757
157 677
158 43
159 501
161 76
162 618
165 674
166 774
167 520
168 817
169 513
170 308
171 87
173 203
174 775
175 287
176 401
179 145
180 381
181 536
182 725
184 39
185 525
186 19
188 766
191 218
193 225
195 488
197 148
199 62
200 667
203 767
204 860
205 602
209 505
211 211
212 50
213 674
215 900
216 757
217 592
218 443
219 869
220 621
223 337
226 147
228 401
230 617
231 397
232 100
234 758
235 182
236 754
237 737
238 17
239 615
240 681
241 333
242 701
243 264
244 96
245 540
246 122
247 153
248 457
250 369
251 657
252 668
253 729
255 289
256 257
257 218
258 377
259 86
260 397
262 648
263 909
264 730
265 721
266 642
267 289
268 324
269 68
271 818
272 692
273 456
277 156
278 268
279 534
281 479
282 662
283 283
284 265
285 327
286 342
287 312
288 138
289 633
291 326
292 478
293 69
295 590
296 527
297 176
298 561
300 123
302 288
303 758
304 644
305 786
306 137
307 897
308 67
310 347
311 551
313 385
317 430
318 650
320 698
321 162
322 701
325 859
327 848
328 24
331 221
332 834
334 672
335 140
336 628
337 773
339 561
340 318
342 780
343 668
344 242
346 761
348 294
349 493
350 178
352 322
353 824
354 100
357 89
358 136
360 259
361 68
362 577
363 158
365 884
366 830
367 380
369 188
370 780
372 483
374 509
375 79
376 508
377 313
381 15
382 687
384 330
385 347
386 711
387 759
388 37
389 788
390 567
391 162
393 779
394 675
396 266
397 114
398 23
404 288
405 516
407 158
408 436
409 302
410 496
411 376
412 295
413 489
414 725
417 383
418 587
419 373
421 265
422 683
424 313
425 684
426 902
428 890
429 743
430 439
431 334
432 566
434 582
435 142
436 656
437 879
438 215
439 483
440 149
441 857
442 27
444 878
446 636
447 601
448 618
451 366
452 585
453 897
455 208
456 564
457 257
458 666
459 703
460 848
461 529
464 2
465 330
471 192
472 605
474 593
476 180
477 816
478 337
479 792
480 163
482 577
484 171
485 282
486 236
487 538
488 24
490 692
491 852
492 135
494 165
495 391
497 785
498 10
499 186
500 423
501 540
504 293
505 269
506 372
509 884
510 304
511 40
512 177
513 682
515 414
517 420
518 380
520 566
521 650
522 132
524 742
526 773
527 116
528 413
529 329
530 811
533 591
534 147
535 724
536 314
537 506
540 671
541 171
542 38
543 84
544 226
545 179
547 569
549 81
550 441
551 841
552 524
553 714
554 69
556 903
558 263
559 479
560 255
562 164
563 678
564 562
566 432
567 884
568 843
569 267
570 752
572 833
574 713
575 796
577 606
578 642
579 798
580 205
581 880
586 56
588 168
589 484
590 3
591 336
592 660
593 377
596 300
597 583
598 411
599 419
600 304
601 761
605 550
606 607
607 779
608 145
610 741
611 412
612 420
613 833
614 1
615 267
616 454
617 307
618 166
619 573
620 95
622 871
623 139
624 149
625 235
627 712
628 753
631 284
632 535
633 568
634 827
635 884
636 176
637 335
638 429
640 396
642 749
643 335
644 745
645 447
646 67
647 692
648 565
650 403
652 39
654 526
655 443
656 744
657 429
658 697
659 123
660 765
661 415
662 557
663 97
664 666
665 509
666 8
668 192
670 486
671 328
673 113
674 96
676 731
677 839
678 496
679 542
681 602
682 777
685 468
686 394
687 875
688 559
692 629
693 558
695 381
696 17
697 386
698 35
700 406
701 820
702 473
703 373
704 530
705 107
706 149
707 342
708 857
709 866
710 455
712 692
713 424
714 614
716 845
718 308
719 308
720 129
722 690
723 402
724 759
726 449
727 741
728 140
729 596
731 334
732 125
735 380
736 47
737 737
738 124
739 884
742 565
744 41
745 699
747 810
749 318
750 776
751 223
752 689
753 343
754 208
755 240
756 602
757 148
758 254
760 86
761 573
762 609
763 13
764 92
765 808
766 332
768 571
769 895
770 400
771 609
772 810
773 214
774 673
775 607
776 824
777 256
778 565
780 446
782 895
783 253
784 66
785 558
786 907
789 477
790 137
791 685
792 672
793 133
794 799
797 653
798 52
800 120
801 216
802 727
803 762
804 588
805 810
807 181
808 411
809 518
810 778
811 275
812 39
813 46
814 622
815 59
816 192
818 100
820 880
821 148
823 722
825 3
828 138
831 408
833 175
834 431
835 503
838 287
839 474
840 181
843 116
846 782
847 780
848 904
849 91
851 679
853 403
854 88
855 633
856 631
857 716
859 886
860 278
861 623
862 97
863 654
864 94
865 855
866 150
868 415
869 588
870 669
871 55
872 496
873 726
875 545
877 744
878 525
879 443
880 255
881 384
882 239
883 544
885 594
886 779
888 824
889 234
890 881
891 892
892 42
893 699
895 725
897 213
898 535
899 675
900 197
901 484
902 151
903 500
904 800
905 351
906 353
908 293
912 309
913 252
914 707
915 91
916 615
917 856
919 437
921 153
924 169
925 486
927 545
930 634
931 841
933 298
934 214
935 682
936 540
937 870
938 85
939 624
940 595
941 699
942 552
943 220
944 58
945 48
948 719
950 768
952 521
954 61
955 834
957 690
958 907
959 285
960 758
962 503
963 776
966 677
967 614
968 539
969 632
970 862
971 461
972 714
973 657
974 335
976 712
977 256
978 573
979 809
981 155
982 852
983 90
984 502
985 104
987 433
988 494
990 527
991 478
992 680
996 227
997 589
998 126
999 26
1000 182
1002 476
1003 677
1004 881
1005 459
1007 341
1009 308
1011 421
1013 524
1014 246
1015 313
1016 113
1017 411
1018 62
1021 171
1022 798
1023 536
1024 428
1025 146
1027 616
1028 685
1030 859
1033 708
1034 469
1036 155
1037 143
1040 668
1042 512
1043 650
1044 89
1045 57
1046 783
1047 170
1048 471
1049 765
1050 787
1054 455
1055 896
1057 100
1058 618
1059 2
1061 11
1062 661
1063 221
1065 199
1067 813
1068 900
1069 383
1071 191
1072 165
1073 893
1075 692
1076 225
1078 593
1079 427
1080 696
1081 451
1082 694
1083 742
1084 155
1085 530
1086 643
1087 434
1088 225
1089 128
1090 363
1091 127
1093 355
1094 885
1095 376
1097 878
1098 322
1099 589
1101 390
1102 60
1103 252
1104 477
1105 847
1107 35
1108 440
1109 170
1110 50
1111 174
1112 624
1114 603
1115 591
1118 685
1119 793
1121 213
1123 145
1124 429
1125 533
1127 837
1128 670
1129 287
1130 124
1132 567
1134 746
1136 147
1138 540
1139 330
1141 561
1142 802
1143 863
1144 769
1145 167
1146 744
1147 561
1148 833
1149 380
1151 692
1152 645
1153 91
1154 91
1156 627
1158 728
1159 343
1160 776
1163 584
1164 299
1165 817
1167 853
1169 659
1170 430
1171 375
1172 337
1174 41
1175 247
1177 908
1178 7
1179 53
1180 875
1182 706
1183 356
1184 131
1185 642
1186 611
1189 528
1192 591
1193 579
1194 782
1197 764
1198 370
1199 571
1200 91
1201 300
1202 283
1203 180
1205 450
1206 142
1207 740
1208 659
1209 465
1210 451
1211 652
1213 659
1214 783
1219 815
1221 478
1223 788
1224 501
1226 515
1227 855
1228 558
1229 18
1232 406
1234 839
1237 463
1238 794
1239 219
1241 39
1242 46
1244 147
1245 287
1249 791
1250 411
1251 445
1252 690
1253 129
1256 681
1258 16
1259 714
1261 365
1262 560
1264 419
1265 356
1267 737
1269 781
1272 577
1273 679
1274 504
1275 269
1276 876
1277 137
1278 666
1279 482
1281 601
1283 205
1284 190
1285 597
1286 174
1289 340
1290 739
1291 494
1292 237
1293 45
1294 362
1295 646
1296 815
1297 328
1301 769
1302 752
1304 186
1305 320
1306 631
1307 811
1308 155
1309 784
1310 582
1311 201
1313 333
1314 754
1315 159
1317 194
1318 18
1319 143
1320 139
1321 727
1323 825
1324 1
1325 763
1327 555
1330 451
1331 655
1332 33
1333 71
1334 194
1336 131
1337 185
1338 854
1339 849
1341 908
1342 249
1344 265
1345 159
1346 476
1347 577
1348 147
1350 546
1351 204
1354 38
1355 305
1357 60
1358 233
1360 733
1361 503
1362 354
1363 458
1366 198
1367 586
1368 92
1369 613
1373 223
1374 587
1375 579
1376 636
1377 621
1378 304
1379 154
1380 443
1381 701
1382 95
1385 152
1386 758
1388 198
1390 565
1391 649
1392 464
1394 480
1395 397
1396 854
1397 747
1400 560
1402 179
1404 656
1405 880
1407 315
1408 56
1409 769
1410 545
1411 579
1412 411
1413 603
1414 281
1415 162
1416 27
1417 441
1418 493
1419 333
1420 399
1421 862
1422 403
1423 56
1425 453
1427 869
1428 865
1429 511
1430 205
1431 113
1432 639
1433 575
1434 800
1435 613
1436 347
1439 94
1440 78
1442 379
1443 470
1444 55
1445 910
1446 834
1449 619
1452 380
1453 113
1454 876
1455 345
1456 530
1457 184
1458 78
1461 54
1462 357
1464 30
1465 50
1466 338
1467 639
1468 136
1469 724
1470 371
1471 833
1472 395
1473 251
1475 235
1477 885
1478 758
1479 805
1480 22
1482 880
1483 703
1484 298
1485 450
1487 555
1488 556
1492 89
1493 259
1494 78
1496 871
1497 665
1498 768
1499 547
1500 237
1501 67
1502 417
1503 911
1504 79
1505 348
1506 391
1507 688
1509 804
1510 895
1511 89
1512 499
1513 414
1514 615
1515 107
1516 384
1517 882
1519 633
1521 226
1522 822
1524 480
1525 35
1526 883
1528 805
1529 626
1530 800
1531 808
1532 26
1533 513
1535 836
1536 429
1537 466
1538 37
1539 217
1540 539
1541 449
1542 270
1543 705
1544 436
1545 684
1546 451
1547 4
1548 175
1549 760
1550 389
1551 209
1552 86
1553 162
1554 9
1555 830
1556 259
1557 182
1558 346
1559 394
1560 609
1561 113
1562 882
1563 42
1564 757
1565 309
1566 906
1568 195
1570 600
1574 204
1575 764
1577 322
1578 855
1579 800
1580 568
1581 540
1582 171
1583 148
1584 152
1586 240
1587 129
1588 469
1589 436
1591 524
1593 74
1594 9
1595 404
1596 577
1597 441
1598 676
1599 702
1600 511
1602 691
1603 196
1606 793
1607 216
1608 517
1610 357
1611 237
1612 430
1614 601
1616 223
1617 628
1619 443
1621 93
1622 293
1623 519
1624 388
1625 581
1626 386
1629 273
1631 508
1632 586
1633 871
1638 788
1639 54
1640 521
1641 141
1642 136
1643 112
1644 31
1645 796
1646 118
1647 440
1648 227
1649 762
1651 571
1652 39
1655 731
1656 530
1657 315
1658 340
1659 484
1660 204
1661 452
1662 767
1663 612
1667 453
1668 115
1669 595
1670 772
1671 749
1672 193
1673 218
1674 829
1676 100
1677 458
1679 568
1680 568
1682 358
1683 9
1684 433
1685 403
1686 534
1687 258
1688 370
1689 163
1690 90
1691 529
1692 582
1693 620
1695 295
1696 794
1699 80
1700 881
1701 884
1702 10
1703 862
1705 671
1706 486
1707 6
1708 759
1710 159
1712 746
1713 20
1714 440
1715 184
1716 104
1717 203
1718 620
1719 672
1720 785
1722 898
1723 503
1724 311
1725 686
1727 195
1728 138
1729 826
1730 338
1735 200
1736 47
1737 214
1739 54
1741 423
1743 301
1745 536
1746 117
1747 717
1748 205
1750 21
1751 557
1753 121
1754 387
1755 818
1756 882
1757 520
1758 126
1759 464
1760 643
1761 3
1763 805
1764 134
1765 874
1766 444
1770 13
1771 857
1773 43
1774 305
1775 654
1776 229
1777 492
1778 232
1779 49
1780 893
1782 114
1784 836
1785 606
1786 329
1787 540
1790 628
1792 823
1794 821
1797 194
1798 583
1803 117
1804 73
1806 666
1807 21
1808 127
1810 775
1811 186
1813 192
1815 90
1816 398
1817 542
1822 58
1824 860
1825 521
1826 327
1827 822
1828 68
1829 119
1830 29
1831 405
1832 907
1833 794
1835 97
1836 53
1837 187
1838 829
1839 728
1841 566
1842 243
1843 808
1844 733
1846 125
1847 325
1849 685
1850 375
1851 676
1852 195
1854 54
1856 371
1857 895
1859 523
1860 496
1861 531
1862 358
1864 251
1865 43
1866 669
1868 28
1870 718
1871 310
1872 290
1873 359
1876 813
1877 568
1878 710
1879 908
1880 331
1881 229
1883 687
1884 909
1885 369
1887 597
1889 599
1891 39
1892 339
1893 48
1894 808
1895 424
1896 706
1897 506
1898 59
1899 201
1900 101
1901 231
1903 323
1905 892
1907 163
1908 146
1909 570
1910 809
1911 844
1912 881
1913 67
1915 254
1916 503
1917 862
1919 82
1920 177
1921 598
1922 605
1923 211
1924 155
1926 669
1927 840
1928 597
1929 343
1930 501
1931 203
1932 419
1933 831
1934 15
1936 460
1937 534
1940 506
1941 731
1942 606
1943 692
1945 353
1948 647
1949 366
1951 484
1952 722
1953 450
1954 430
1955 437
1956 249
1957 628
1959 457
1961 17
1962 147
1964 738
1966 77
1967 899
1969 408
1970 626
1972 615
1973 854
1974 744
1975 397
1976 130
1977 128
1978 754
1981 263
1982 859
1987 720
1988 851
1989 839
1990 635
1991 141
1992 305
1993 436
1995 226
1996 834
1998 291
1999 258
2000 248
