1.000
193.000
193.000
770.000
748.000
748.000
1862.000
1267.000
1267.000
2882.000
1750.000
1750.000
3830.000
2197.000
2197.000
4706.000
2608.000
2608.000
5510.000
2983.000
2983.000
6242.000
3322.000
3322.000
6902.000
3625.000
3625.000
7490.000
3892.000
3892.000
8006.000
4123.000
4123.000
8450.000
4318.000
4318.000
8822.000
4477.000
4477.000
9122.000
4600.000
4600.000
9350.000
4687.000
4687.000
9506.000
4738.000
4738.000
9590.000
4753.000
4753.000
9602.000
4732.000
4732.000
9542.000
4675.000
4675.000
9410.000
4582.000
4582.000
9206.000
4453.000
4453.000
8930.000
4288.000
4288.000
8582.000
4087.000
4087.000
8162.000
3850.000
3850.000
7670.000
3577.000
3577.000
7106.000
3268.000
3268.000
6470.000
2923.000
2923.000
5762.000
2542.000
2542.000
4982.000
2125.000
2125.000
4130.000
1672.000
1672.000
3206.000
1183.000
1183.000
2210.000
658.000
658.000
1142.000
97.000
97.000
1.000
