50 50 10
11950 636460 393386 24102 689555 94162 532014 473405 186226 480707 498269 886167 378707 884853 438193 327276 311680 359751 484963 881008 47370 913317 136311 282794 30740 990947 111266 277369 134120 910590 120381 686287 563195 920192 269710 116276 818916 483907 551455 856919 450133 458692 32089 601642 447570 814100 336232 589715 874598 919940 
970041 472788 196427 333298 846259 548338 901122 883582 190034 938477 987895 975544 918803 740140 714248 200687 382669 658145 120034 489531 851530 76586 815849 489913 841989 563856 969415 127840 959297 816352 906374 387590 863260 779228 873412 736697 617201 42017 111374 144377 516167 729120 282833 755554 671679 448339 922575 992923 247302 914850 
158370 525981 562762 583943 631460 107708 215379 158348 485204 3087 732440 527956 83825 786384 360382 514029 703410 594003 205211 204561 931188 114095 584935 364178 797344 105014 144798 940869 909146 518608 775560 894890 641597 617528 710975 4840 512497 358307 91113 699324 834617 195445 36970 776883 957456 304748 301075 33669 47503 170685 
934430 854391 265791 385665 954109 897288 86959 680325 990005 707312 817473 381864 874908 763639 533353 972900 750122 37830 512693 708302 351406 144193 233344 377209 140617 931957 437905 727477 406955 86430 431849 870800 706550 118847 950203 20909 480532 163405 175434 483182 592679 668587 93542 253256 731240 515849 381534 251477 391048 43400 
288531 347297 560952 62007 706517 103530 236377 981319 73629 222378 976601 201164 991367 255996 364451 578964 311123 862056 671303 333713 254366 795882 380849 639975 486103 785314 246138 221878 385066 251333 432660 624326 15405 449415 622943 54166 637144 252830 981406 978804 92856 363769 880884 569057 853749 152830 944137 68837 244876 199862 
305457 769910 509253 385988 103391 955027 572010 175401 123839 301797 15789 992662 759420 670632 917257 887734 632478 701346 81376 100762 825089 802550 679396 283593 166729 874118 994136 245681 247639 375427 191014 677796 35060 266166 521129 128345 815080 476375 220216 67871 854541 337893 888002 867132 828659 504911 837225 138959 487569 743849 
851611 649226 216727 644452 258533 258231 948506 471363 891049 387815 284921 787978 190048 103343 714141 498167 531788 395608 153681 671003 977772 681364 452509 885238 892167 343835 57237 736611 911987 136109 522383 677235 107941 584969 812446 523252 511433 215742 727466 992794 886438 856503 906540 512517 83288 920177 894588 238919 732791 105322 
276135 831963 614266 827087 335793 105392 789888 204930 460897 66027 698195 718883 398731 73380 577265 407605 399821 343186 693657 161966 135485 619555 950859 648716 527950 749605 260041 18905 965604 429782 549149 314022 530710 96594 725579 319226 286612 437357 172746 72734 597593 938112 350507 282317 919817 33784 286731 837090 925627 514398 
167078 204017 324831 117400 293646 578232 767485 896636 455213 214408 849991 48583 507161 84848 77988 153556 588569 434756 885580 244284 295078 72092 179045 39015 784860 492542 39054 357944 129774 981940 910933 543217 261356 124604 853818 874169 778135 825956 65996 157131 177363 297773 267181 814952 452985 246034 305174 364033 625391 474648 
730049 912958 923628 48337 286430 120691 462505 284248 619846 363755 251634 767655 998583 678833 771567 303047 413027 258950 166392 123443 741793 229954 135535 853086 329882 202212 956678 96986 879423 867628 469776 614270 191693 252792 653448 519929 126483 214560 334079 168086 756896 929531 952038 664844 513040 806933 763427 306409 515673 124176 
212942 383296 689309 71764 376096 700687 776800 129768 205642 955770 802499 367072 689678 392923 737889 572618 791012 695371 419404 570170 563589 975842 271412 269023 354925 645179 726568 582773 575207 777232 939453 878015 870076 868281 853030 268200 990704 769620 964272 441479 892968 345720 125157 840149 23343 193269 714434 49894 34850 941663 
689992 465932 707248 884216 927785 741420 411210 140334 878025 466265 706726 626111 324436 823892 321638 814975 745327 126326 760352 112218 865191 231841 471249 660757 107742 735160 223972 72502 300578 53986 383930 318769 169623 328829 422228 496762 782684 575659 601096 485388 769044 8917 935049 663853 948270 38057 83857 709571 29729 264793 
380566 650513 366280 683057 826520 547985 436900 853866 453403 119459 740080 63253 342777 383427 272162 270418 130435 165867 855292 523955 772111 430616 995796 473731 329325 43838 901561 934405 109701 94738 455991 988747 799741 592680 72061 97613 356191 288126 533670 17887 587911 488350 772752 867715 640109 835848 865490 930707 554949 779921 
276186 849542 244369 299908 866562 433988 775168 606515 382639 792915 952680 546774 962710 454094 776355 799391 887390 833978 523392 879560 405544 964922 306062 288611 393552 960767 952069 492547 929729 981164 999914 289409 301075 500957 189724 656039 206601 383818 813289 610280 152991 535746 555223 29608 103729 491753 38375 519617 601841 42234 
18172 175965 642156 903356 482854 594486 426036 450913 111536 990459 212731 16990 256830 469614 784032 158185 743285 369452 319022 974251 987875 36644 858918 668210 45067 400715 192409 885197 157734 739340 636056 50713 572284 399043 46887 255198 789431 366830 720377 205429 572574 905763 503447 240014 548753 28100 681523 145170 861020 787956 
620860 654347 612093 40287 956721 474174 531319 698068 26810 965248 148939 345583 978174 629504 890735 133928 266575 353156 326507 37233 277596 880020 933248 752017 96962 606639 852772 478245 344423 163586 158277 62183 610282 395199 799854 616244 515047 719597 926997 354963 471082 511706 652478 71968 164778 429399 394298 205078 536980 531372 
270798 64007 539061 586751 186457 942776 24955 572780 694031 695709 893264 50828 38638 745882 328766 159292 33972 96643 389937 793570 785150 937151 880181 716322 741995 3608 928955 728572 306433 520628 44077 932598 412197 98860 405150 235771 103526 769729 841278 731240 256326 515057 305513 892610 493719 175484 975315 984784 817064 657049 
178534 674477 521265 167610 771392 365144 930776 53045 321830 124261 593793 208694 133064 758787 289595 555184 940817 202251 574456 181643 409578 665722 769207 205394 356863 837234 935394 89792 651435 983142 817256 769250 975435 765353 308521 637 311463 350366 627189 71365 936243 586118 261516 10444 175358 194595 296503 387986 814481 263970 
524927 689595 118206 162208 541223 546028 612593 259806 608658 669675 879829 905576 312596 628762 863417 889005 879701 676945 83155 624237 499609 144474 88199 408504 121056 791847 496971 797449 107239 232878 730152 231551 726868 908758 240718 624040 560584 143382 60695 139586 373608 586462 854267 385 410631 653813 592060 552792 275815 283981 
342773 615817 484780 202520 585774 750074 263417 250092 666818 898098 886118 695710 127023 903592 517739 15432 773539 601343 206632 86308 170075 296498 803421 678768 775133 445840 183534 768740 909954 879896 937035 406809 269097 329779 82759 915778 843039 927897 472820 342974 578426 913682 323073 895124 167457 315498 951976 71471 558775 445812 
609574 993106 929173 282759 487799 303984 764599 214854 161197 895973 201569 243431 786931 735552 228574 694099 935132 488112 346456 55725 368869 856570 257521 644836 757903 515211 53469 68016 122840 867381 802134 352791 527117 507206 237646 230332 552762 739267 307506 727541 844936 555395 704915 118982 73124 708257 310064 887661 772323 685534 
881327 928768 479604 696850 171432 25543 291256 352174 440464 884634 997831 588667 10463 454774 169714 657566 8702 347346 134962 225413 588720 441395 140012 33399 422195 395731 408169 76057 914640 120639 934114 620938 848698 784543 590974 152545 578466 167367 297452 394964 691377 92605 822256 276436 105384 884776 220456 850309 384784 574569 
593700 444909 439994 681619 894294 736408 498388 30126 14824 809422 738210 240001 676015 710491 583120 112821 147449 513828 73392 844102 422209 526625 25038 222826 358746 952797 12548 274647 408343 595762 205241 772526 379915 230929 730698 603262 627702 268266 329657 57626 49889 629527 355252 895541 647979 295997 417354 167208 244812 638726 
573800 509915 415614 696071 642354 227024 638737 212492 999748 948882 436295 818336 635289 761294 999846 161599 409691 496173 646155 164629 410112 229111 20160 581661 484782 57161 821623 996495 278035 19553 999619 282846 521339 78750 112635 989873 520415 839942 677479 622490 872157 671021 603936 254213 229691 341822 351811 789554 287557 371708 
977282 825273 735881 409548 154910 286935 151112 136564 37511 17278 404377 978957 94257 270464 991161 165742 703499 801571 120447 998895 631965 761033 588369 444942 139838 323904 365260 446258 395230 142572 32219 366892 964671 212656 112177 351076 139817 727759 810503 948885 3905 393540 578307 327074 232404 747161 402171 984163 891562 405520 
337172 539266 253115 159983 797793 195061 963232 831732 776446 82650 293802 827138 819898 521543 937816 637298 59850 666965 103969 472373 216967 107069 834058 964407 423643 910421 77812 287661 86841 673811 992191 556507 405492 287474 967595 490257 519388 211554 730268 897099 749684 711414 54543 706201 339093 365970 459067 610257 67135 478876 
296012 154789 591646 969878 395980 692208 272906 370582 869257 828981 5541 466498 453318 616921 61650 460235 2204 864330 143564 772232 668162 863932 273256 526648 141264 397469 673341 848303 108477 713682 669960 429844 149492 997304 460562 852897 137132 802941 584327 284112 980550 739818 760935 780983 966717 505000 137801 24142 579137 943885 
320049 721397 373127 402981 447920 695711 167335 887445 120556 283268 298746 313931 929917 819164 930552 752978 353391 487425 63284 282419 167099 591716 560396 860620 122444 560050 608361 898265 711697 411288 777931 986403 825455 786679 583942 680464 448897 246575 658406 362155 748869 378350 862808 367476 38426 165938 584182 330545 661698 606077 
581312 546398 655508 463434 357107 448181 189371 364626 597217 701858 65467 152899 499476 675177 386467 46237 155181 775646 105596 28654 539692 660508 922826 909891 344526 769668 856380 239037 294934 110919 890176 947011 889418 170630 446844 6529 73214 637416 703437 392305 380272 608531 978957 368769 565948 314867 227468 243191 840571 700747 
484815 685310 830647 186300 777935 636288 82315 90088 287862 609267 428881 249992 1058 245066 25237 549813 922473 933245 278845 683623 227205 492003 311133 694620 793308 787001 629333 137982 44294 844987 792388 991965 259371 372000 875993 242718 216989 118357 192974 816072 62554 323586 318534 835674 380353 786198 836817 421564 927683 405773 
919528 509242 707118 144589 821578 484360 899886 761012 423210 116129 500026 341135 489595 777267 329737 751424 835391 526079 100698 239227 138309 748497 27622 776284 132155 539931 155043 823714 213393 166709 505695 123012 48388 963950 203490 446393 875952 844963 78717 789668 701663 879483 513927 196650 56608 604777 686621 419997 271825 572880 
390799 684129 356240 151116 833405 425042 84776 942299 483182 541102 736420 594165 601066 457230 143679 490397 75263 711459 350661 889470 841637 95469 800330 93576 309151 548207 174216 879330 890888 745732 883828 434050 747207 895028 258723 952082 359905 264700 425822 670980 124909 140150 351031 96872 566158 258374 511450 904921 195198 628548 
890705 830868 816723 478492 554934 458039 490544 213678 937345 798591 811475 78315 281951 164467 279986 763959 573835 686042 285985 988980 489222 95698 168348 42583 305505 25417 571622 884865 364228 891545 681777 352141 416326 737906 98620 790839 503385 178113 47380 921688 313544 20744 838270 820504 873741 225393 568924 386660 481707 248161 
140579 314670 569533 278593 134094 521288 421629 454393 397499 113949 983889 160704 151510 173785 227472 336564 637773 413303 619198 159239 171541 64023 97645 210427 543976 172481 915450 739552 347483 847614 143388 561337 577487 568562 483067 904917 500686 232243 476992 539996 597558 327569 955725 10689 251289 139260 496731 412593 248242 434835 
855235 792274 15639 741203 421606 15885 209593 488671 540331 59052 351838 747632 280978 206300 543853 425362 283255 120725 688506 346932 154676 709328 791223 186848 392943 675290 799530 564584 809525 768719 784818 849178 707458 491192 524662 942643 409742 605210 155087 152488 414797 647131 102833 518190 252265 451901 852034 875117 254961 442225 
798427 37527 317377 758505 794698 5018 255156 967073 23893 852957 265068 227011 22933 69684 436029 80506 620920 767567 803770 801065 672030 186104 573441 271473 216520 321163 233378 566466 304473 747285 700790 105373 938865 839210 72533 248122 433876 186010 607003 584591 521071 553744 994405 943424 507848 51652 22723 995248 549894 933585 
932838 534467 463753 410468 573284 485977 788017 921131 863233 283081 270546 666481 850093 227143 203383 472720 210900 40691 988489 218323 346158 217386 37236 797163 416628 777105 475533 531499 649046 290316 293454 232258 516018 857951 531965 218651 395921 936353 534962 809154 691012 783782 204023 142204 926873 94366 910837 158188 414601 149239 
938055 330078 455085 261889 162436 679619 870599 156057 613805 45336 142147 58568 40936 438500 388440 566239 314890 196150 189938 395696 108015 139452 18216 429815 157098 226130 657353 403757 14978 344998 972674 28845 2759 714680 709682 67870 504401 902206 296015 878362 58898 927789 94477 596457 974541 368756 445089 390035 687182 298527 
601638 289852 112794 118579 702482 116868 966311 929994 681581 435206 627300 150386 621942 961952 122209 572741 298818 859552 81708 100185 409166 491106 580297 620804 99237 301451 544480 910049 790257 209555 773817 527291 575298 565674 384007 394836 725764 233576 233937 268381 438713 980974 145170 702222 327853 319487 360385 858833 880614 401161 
607747 19831 247387 581037 18025 317611 184218 139434 271122 729895 880375 235102 872312 583371 239338 464080 117561 419362 927469 255605 680091 715071 189710 412608 442373 131145 580599 56920 969169 918047 272951 389756 422750 558547 770663 517238 821371 220665 194613 57287 290529 757281 26771 651055 764299 760829 451764 889028 306882 420618 
528250 379896 250805 808752 662749 881969 667883 658661 859237 199169 824914 380034 895537 518322 322150 760956 113331 669404 745499 630190 549693 79770 554930 874257 483663 938739 203546 764292 836708 137314 598665 467233 135042 613470 528224 715181 27363 736764 447642 327998 178931 304564 399909 979547 843269 952029 924577 86306 50905 710282 
665911 43150 696050 628772 811569 369455 815056 97460 830131 682078 656469 167910 577460 900538 691109 184699 378840 843022 367386 637812 204986 453662 159671 184385 857114 958079 265841 277799 847432 373838 436983 670520 230033 608219 414690 550489 677263 819665 529709 865632 422636 768452 235794 136525 497572 840793 908261 30056 723546 258482 
920655 697044 126104 930876 665552 53771 365008 361771 285331 928575 121239 805436 142589 876776 419189 645009 83730 738920 924630 293357 284653 460860 611171 997799 227183 298620 645100 445458 720369 489856 705917 580432 683205 320943 405786 568464 790920 430725 816921 353476 480772 381693 547990 247077 467467 629696 52237 15019 179737 19951 
957481 489028 802382 707386 267714 924744 73282 308140 892518 186477 843464 200844 681336 753502 753394 882133 287255 747243 938159 351488 978024 65874 117212 898340 537802 494391 743720 8742 472192 389961 476358 56380 406695 999825 646208 784340 906293 129970 744540 746025 503176 907788 281216 898542 641531 606042 141223 59877 426769 323 
928979 370679 458161 216251 148506 16319 8944 940533 114808 784227 801081 690769 299625 708646 419271 16086 496620 53539 736763 653382 788826 168166 482088 104606 705256 595123 996427 870149 651753 808758 375533 630570 428510 886286 216890 393338 90143 482652 643015 878389 462715 936415 486612 368545 194295 362798 263280 567292 96987 470330 
6744 694726 317755 372542 127288 25486 96617 987674 72854 563102 46291 21511 606682 664092 534493 958958 132768 116727 83603 366678 116680 83821 693159 724031 402220 91777 725912 94286 682630 185279 245178 997379 816200 825461 60357 36836 522240 790643 236936 468687 576857 939428 888453 733904 786102 156319 651564 615968 912357 535001 
492106 77913 376326 914405 77261 493938 172608 685543 264354 372391 472814 261526 204682 907669 786271 953446 460813 76183 432860 455634 20953 549683 287515 727890 884819 391602 937620 927299 180984 608752 792644 955188 731567 903209 355224 689578 284296 998383 298861 467516 350719 277945 781251 492459 466064 262431 501707 426350 751427 54245 
933542 560985 617295 393935 748611 614612 884444 342756 555636 110986 49265 471940 914826 760336 755313 695901 113574 258817 146367 293177 325740 768021 651825 247548 476767 928742 952221 939154 214690 616294 865814 467889 771834 171745 82503 144240 995351 66000 925270 420647 998373 211453 155528 291011 841219 769904 135959 854610 226940 538895 
413722 877540 490688 756747 230228 145243 194792 167938 277189 833560 860073 20107 883911 256605 540015 747142 730961 406519 474274 793377 82191 70019 339850 615150 501906 138447 184087 203586 848433 948491 838595 543329 152119 807966 404830 47878 636117 887164 461631 414750 832921 372407 966877 999964 796023 359406 227210 352983 865869 104308 
592927 913026 23516 285974 937075 158783 206137 914778 190545 692460 259392 559965 274280 668949 403461 387058 800474 620897 720101 375556 629906 984371 934029 176611 943137 770264 806508 971850 615665 167622 734113 533523 549412 809473 699108 19784 419965 654333 65754 953861 101731 734326 609057 976133 799695 639006 272950 164078 441354 180845 
