3769 2070
1 2
2 3
1 4
4 5
3 6
1 7
3 8
3 9
1 10
3 11
4 12
1 13
7 14
1 15
6 16
5 17
12 18
15 19
15 20
16 21
9 22
14 23
7 24
13 25
23 26
9 27
13 28
21 29
14 30
17 31
24 32
11 33
31 34
27 35
15 36
21 37
37 38
31 39
35 40
1 41
14 42
21 43
26 44
6 45
31 46
15 47
4 48
1 49
45 50
5 51
13 52
35 53
32 54
7 55
33 56
54 57
17 58
46 59
29 60
33 61
6 62
37 63
61 64
57 65
27 66
12 67
3 68
58 69
52 70
33 71
40 72
71 73
26 74
56 75
36 76
35 77
40 78
65 79
46 80
61 81
19 82
66 83
28 84
9 85
19 86
29 87
22 88
15 89
40 90
57 91
1 92
4 93
68 94
63 95
46 96
55 97
2 98
38 99
50 100
81 101
5 102
93 103
51 104
21 105
1 106
39 107
69 108
29 109
65 110
52 111
82 112
51 113
30 114
61 115
81 116
79 117
6 118
75 119
4 120
7 121
34 122
21 123
32 124
33 125
51 126
91 127
70 128
33 129
54 130
20 131
65 132
45 133
132 134
86 135
76 136
105 137
77 138
49 139
2 140
29 141
75 142
139 143
124 144
118 145
121 146
7 147
109 148
141 149
79 150
67 151
64 152
41 153
76 154
106 155
69 156
1 157
37 158
109 159
40 160
99 161
87 162
28 163
145 164
83 165
57 166
55 167
106 168
88 169
58 170
137 171
46 172
137 173
33 174
103 175
22 176
91 177
77 178
35 179
121 180
107 181
116 182
78 183
109 184
79 185
33 186
79 187
119 188
105 189
16 190
95 191
43 192
129 193
97 194
170 195
144 196
185 197
22 198
184 199
121 200
121 201
16 202
154 203
3 204
103 205
42 206
167 207
161 208
183 209
11 210
163 211
157 212
42 213
52 214
104 215
55 216
70 217
181 218
152 219
16 220
151 221
210 222
125 223
159 224
176 225
30 226
13 227
99 228
53 229
227 230
128 231
85 232
137 233
166 234
161 235
155 236
176 237
134 238
161 239
175 240
223 241
122 242
20 243
104 244
29 245
35 246
127 247
85 248
9 249
130 250
26 251
20 252
197 253
122 254
251 255
106 256
105 257
214 258
92 259
253 260
248 261
235 262
109 263
83 264
169 265
60 266
155 267
58 268
188 269
171 270
61 271
135 272
212 273
138 274
139 275
157 276
113 277
49 278
63 279
262 280
31 281
179 282
247 283
149 284
138 285
105 286
215 287
111 288
269 289
102 290
95 291
242 292
209 293
211 294
137 295
268 296
129 297
136 298
183 299
129 300
284 301
231 302
49 303
93 304
230 305
105 306
304 307
253 308
181 309
267 310
18 311
97 312
285 313
196 314
281 315
217 316
304 317
53 318
61 319
43 320
249 321
91 322
218 323
157 324
226 325
97 326
56 327
37 328
103 329
113 330
71 331
238 332
1 333
106 334
18 335
113 336
183 337
265 338
329 339
9 340
85 341
25 342
55 343
240 344
117 345
253 346
112 347
177 348
253 349
7 350
268 351
325 352
79 353
253 354
156 355
30 356
173 357
340 358
260 359
216 360
105 361
324 362
143 363
208 364
331 365
235 366
245 367
96 368
112 369
110 370
296 371
310 372
109 373
314 374
155 375
188 376
59 377
82 378
195 379
2 380
2 381
336 382
284 383
382 384
220 385
254 386
238 387
206 388
325 389
347 390
169 391
67 392
187 393
349 394
197 395
132 396
367 397
318 398
257 399
108 400
17 401
250 402
247 403
354 404
222 405
244 406
65 407
173 408
181 409
340 410
211 411
396 412
210 413
390 414
253 415
249 416
313 417
187 418
188 419
160 420
235 421
158 422
403 423
2 424
139 425
308 426
224 427
20 428
401 429
391 430
380 431
352 432
412 433
298 434
137 435
133 436
19 437
93 438
379 439
311 440
41 441
388 442
205 443
398 444
349 445
92 446
169 447
412 448
225 449
133 450
226 451
86 452
65 453
266 454
95 455
219 456
279 457
308 458
57 459
363 460
251 461
287 462
148 463
255 464
77 465
306 466
361 467
11 468
253 469
21 470
209 471
230 472
472 473
12 474
259 475
62 476
186 477
55 478
56 479
401 480
287 481
87 482
215 483
172 484
429 485
171 486
228 487
350 488
259 489
467 490
386 491
53 492
334 493
479 494
197 495
364 496
373 497
130 498
191 499
112 500
351 501
279 502
388 503
463 504
169 505
167 506
325 507
324 508
359 509
209 510
477 511
109 512
456 513
150 514
370 515
418 516
212 517
184 518
500 519
452 520
249 521
510 522
349 523
112 524
11 525
307 526
321 527
373 528
309 529
32 530
337 531
328 532
199 533
498 534
384 535
405 536
65 537
148 538
205 539
267 540
293 541
425 542
449 543
419 544
259 545
278 546
433 547
407 548
457 549
316 550
507 551
477 552
13 553
114 554
3 555
139 556
279 557
105 558
533 559
41 560
347 561
34 562
539 563
246 564
520 565
541 566
93 567
264 568
465 569
210 570
411 571
267 572
541 573
502 574
175 575
561 576
183 577
350 578
84 579
438 580
266 581
12 582
520 583
3 584
127 585
472 586
327 587
375 588
311 589
561 590
185 591
565 592
377 593
443 594
50 595
449 596
124 597
151 598
53 599
175 600
346 601
243 602
163 603
208 604
329 605
174 606
280 607
240 608
53 609
30 610
154 611
45 612
296 613
205 614
69 615
346 616
556 617
157 618
151 619
606 620
453 621
618 622
554 623
575 624
601 625
51 626
71 627
335 628
349 629
549 630
12 631
86 632
624 633
145 634
251 635
480 636
17 637
469 638
331 639
132 640
4 641
62 642
364 643
132 644
621 645
171 646
407 647
308 648
349 649
345 650
458 651
249 652
613 653
107 654
547 655
168 656
351 657
145 658
203 659
344 660
91 661
59 662
235 663
103 664
127 665
230 666
127 667
659 668
469 669
151 670
241 671
635 672
83 673
261 674
268 675
56 676
303 677
362 678
157 679
547 680
210 681
649 682
250 683
285 684
101 685
6 686
389 687
614 688
87 689
245 690
535 691
471 692
469 693
474 694
426 695
408 696
191 697
629 698
1 699
46 700
637 701
79 702
491 703
214 704
689 705
127 706
630 707
178 708
571 709
13 710
459 711
259 712
547 713
378 714
679 715
619 716
329 717
54 718
505 719
599 720
209 721
563 722
567 723
189 724
714 725
283 726
631 727
64 728
547 729
256 730
611 731
130 732
429 733
676 734
539 735
658 736
553 737
72 738
39 739
32 740
640 741
37 742
499 743
190 744
177 745
178 746
3 747
670 748
209 749
183 750
574 751
41 752
257 753
103 754
156 755
351 756
493 757
541 758
99 759
555 760
311 761
16 762
595 763
660 764
471 765
165 766
565 767
546 768
256 769
589 770
562 771
107 772
635 773
624 774
571 775
281 776
409 777
27 778
193 779
38 780
741 781
710 782
341 783
736 784
401 785
196 786
739 787
730 788
125 789
173 790
469 791
492 792
525 793
767 794
551 795
412 796
132 797
66 798
241 799
375 800
308 801
575 802
757 803
715 804
713 805
548 806
114 807
578 808
555 809
507 810
13 811
493 812
302 813
306 814
221 815
40 816
547 817
207 818
260 819
690 820
725 821
477 822
649 823
662 824
542 825
657 826
79 827
415 828
157 829
413 830
176 831
100 832
447 833
279 834
680 835
91 836
53 837
698 838
545 839
839 840
224 841
214 842
48 843
691 844
391 845
148 846
829 847
100 848
712 849
403 850
179 851
205 852
305 853
315 854
742 855
313 856
536 857
284 858
703 859
60 860
801 861
469 862
675 863
349 864
538 865
793 866
438 867
553 868
8 869
459 870
809 871
593 872
197 873
745 874
268 875
846 876
853 877
223 878
43 879
88 880
316 881
95 882
64 883
818 884
315 885
184 886
211 887
522 888
321 889
670 890
213 891
822 892
619 893
364 894
334 895
590 896
467 897
4 898
38 899
837 900
139 901
760 902
747 903
302 904
332 905
853 906
214 907
799 908
293 909
611 910
813 911
890 912
259 913
351 914
557 915
66 916
557 917
28 918
103 919
379 920
305 921
196 922
822 923
208 924
181 925
506 926
112 927
736 928
809 929
460 930
774 931
622 932
387 933
332 934
722 935
837 936
913 937
197 938
715 939
375 940
403 941
260 942
109 943
263 944
413 945
134 946
223 947
434 948
577 949
641 950
493 951
44 952
729 953
787 954
298 955
800 956
332 957
133 958
283 959
611 960
481 961
893 962
468 963
591 964
836 965
101 966
415 967
214 968
460 969
370 970
239 971
536 972
767 973
605 974
41 975
451 976
131 977
383 978
667 979
590 980
703 981
330 982
689 983
74 984
942 985
228 986
613 987
536 988
647 989
162 990
832 991
444 992
869 993
310 994
121 995
358 996
472 997
959 998
9 999
887 1000
6 1001
792 1002
109 1003
119 1004
793 1005
304 1006
879 1007
268 1008
243 1009
990 1010
771 1011
520 1012
653 1013
106 1014
148 1015
494 1016
801 1017
996 1018
69 1019
589 1020
166 1021
842 1022
923 1023
173 1024
829 1025
471 1026
586 1027
248 1028
525 1029
67 1030
206 1031
689 1032
147 1033
51 1034
283 1035
175 1036
855 1037
225 1038
43 1039
504 1040
877 1041
196 1042
665 1043
958 1044
213 1045
474 1046
893 1047
295 1048
659 1049
959 1050
151 1051
592 1052
89 1053
690 1054
636 1055
646 1056
160 1057
498 1058
291 1059
463 1060
397 1061
947 1062
546 1063
202 1064
664 1065
977 1066
683 1067
748 1068
627 1069
191 1070
356 1071
769 1072
905 1073
777 1074
409 1075
1003 1076
436 1077
880 1078
915 1079
701 1080
807 1081
583 1082
541 1083
299 1084
533 1085
115 1086
253 1087
751 1088
759 1089
233 1090
776 1091
581 1092
749 1093
1039 1094
470 1095
481 1096
569 1097
21 1098
981 1099
470 1100
981 1101
991 1102
979 1103
20 1104
401 1105
1041 1106
302 1107
538 1108
292 1109
737 1110
399 1111
421 1112
1085 1113
597 1114
487 1115
601 1116
409 1117
715 1118
752 1119
239 1120
730 1121
119 1122
32 1123
450 1124
224 1125
997 1126
535 1127
403 1128
37 1129
324 1130
271 1131
201 1132
552 1133
250 1134
577 1135
1051 1136
211 1137
385 1138
867 1139
1112 1140
541 1141
878 1142
269 1143
757 1144
353 1145
1038 1146
358 1147
32 1148
541 1149
311 1150
211 1151
755 1152
37 1153
449 1154
1104 1155
558 1156
290 1157
605 1158
555 1159
525 1160
581 1161
166 1162
807 1163
785 1164
925 1165
353 1166
1123 1167
288 1168
49 1169
111 1170
991 1171
659 1172
712 1173
923 1174
1142 1175
608 1176
637 1177
319 1178
814 1179
1141 1180
427 1181
658 1182
847 1183
846 1184
1089 1185
868 1186
158 1187
107 1188
289 1189
581 1190
171 1191
850 1192
993 1193
313 1194
733 1195
912 1196
712 1197
1185 1198
943 1199
1092 1200
226 1201
986 1202
1189 1203
181 1204
383 1205
614 1206
169 1207
558 1208
1141 1209
511 1210
896 1211
190 1212
453 1213
1194 1214
579 1215
370 1216
513 1217
414 1218
554 1219
1034 1220
936 1221
139 1222
163 1223
894 1224
1105 1225
451 1226
648 1227
671 1228
950 1229
584 1230
491 1231
379 1232
771 1233
92 1234
1197 1235
818 1236
577 1237
182 1238
687 1239
785 1240
352 1241
260 1242
760 1243
1149 1244
831 1245
1026 1246
169 1247
41 1248
849 1249
271 1250
21 1251
652 1252
304 1253
368 1254
421 1255
378 1256
1065 1257
301 1258
443 1259
706 1260
31 1261
1218 1262
644 1263
419 1264
1244 1265
174 1266
33 1267
231 1268
128 1269
1118 1270
503 1271
432 1272
1071 1273
965 1274
268 1275
965 1276
309 1277
475 1278
393 1279
641 1280
1245 1281
789 1282
870 1283
1039 1284
337 1285
391 1286
702 1287
688 1288
554 1289
278 1290
367 1291
875 1292
203 1293
1111 1294
546 1295
952 1296
10 1297
490 1298
986 1299
990 1300
369 1301
941 1302
421 1303
1299 1304
121 1305
181 1306
626 1307
433 1308
703 1309
1052 1310
941 1311
148 1312
308 1313
1223 1314
857 1315
945 1316
579 1317
1219 1318
729 1319
63 1320
97 1321
442 1322
3 1323
904 1324
1065 1325
1056 1326
392 1327
323 1328
516 1329
112 1330
1206 1331
472 1332
289 1333
108 1334
1259 1335
1236 1336
407 1337
172 1338
1333 1339
22 1340
881 1341
727 1342
85 1343
897 1344
1093 1345
831 1346
410 1347
1266 1348
917 1349
427 1350
1072 1351
603 1352
581 1353
1310 1354
77 1355
13 1356
1005 1357
1325 1358
477 1359
830 1360
1301 1361
573 1362
1055 1363
1259 1364
1250 1365
1362 1366
516 1367
159 1368
1186 1369
1258 1370
976 1371
425 1372
804 1373
937 1374
223 1375
96 1376
781 1377
722 1378
251 1379
292 1380
332 1381
314 1382
1275 1383
1189 1384
993 1385
1110 1386
559 1387
878 1388
1298 1389
44 1390
511 1391
395 1392
909 1393
1356 1394
322 1395
1302 1396
550 1397
581 1398
823 1399
219 1400
580 1401
203 1402
747 1403
783 1404
193 1405
1318 1406
1291 1407
370 1408
1205 1409
1050 1410
1330 1411
1329 1412
1050 1413
932 1414
148 1415
765 1416
454 1417
886 1418
561 1419
189 1420
1041 1421
280 1422
559 1423
456 1424
983 1425
361 1426
505 1427
813 1428
857 1429
74 1430
760 1431
1405 1432
1115 1433
273 1434
99 1435
924 1436
1065 1437
874 1438
342 1439
875 1440
753 1441
233 1442
9 1443
892 1444
1021 1445
1106 1446
377 1447
1016 1448
957 1449
311 1450
186 1451
621 1452
581 1453
422 1454
853 1455
991 1456
81 1457
348 1458
847 1459
9 1460
487 1461
742 1462
67 1463
628 1464
893 1465
790 1466
1413 1467
516 1468
93 1469
541 1470
931 1471
156 1472
833 1473
1448 1474
808 1475
552 1476
304 1477
1194 1478
1308 1479
825 1480
1421 1481
112 1482
733 1483
566 1484
3 1485
499 1486
1259 1487
273 1488
340 1489
598 1490
1181 1491
1163 1492
393 1493
759 1494
296 1495
918 1496
795 1497
11 1498
1465 1499
633 1500
1005 1501
907 1502
583 1503
658 1504
691 1505
1136 1506
891 1507
823 1508
987 1509
1393 1510
135 1511
1067 1512
733 1513
1187 1514
1286 1515
34 1516
1385 1517
832 1518
1308 1519
1372 1520
905 1521
1335 1522
1141 1523
1028 1524
689 1525
723 1526
277 1527
59 1528
633 1529
812 1530
271 1531
623 1532
461 1533
1027 1534
1003 1535
1418 1536
871 1537
492 1538
1460 1539
973 1540
677 1541
138 1542
67 1543
474 1544
9 1545
177 1546
1223 1547
1457 1548
1277 1549
1233 1550
361 1551
613 1552
17 1553
342 1554
1153 1555
628 1556
382 1557
955 1558
1517 1559
676 1560
341 1561
723 1562
995 1563
183 1564
1 1565
313 1566
194 1567
133 1568
1205 1569
1531 1570
737 1571
270 1572
159 1573
139 1574
1277 1575
904 1576
193 1577
711 1578
211 1579
395 1580
561 1581
354 1582
1485 1583
1141 1584
749 1585
20 1586
141 1587
795 1588
1415 1589
800 1590
1516 1591
1555 1592
262 1593
1105 1594
1165 1595
771 1596
676 1597
1164 1598
253 1599
1324 1600
853 1601
1155 1602
478 1603
613 1604
329 1605
985 1606
977 1607
921 1608
1153 1609
718 1610
931 1611
1225 1612
1418 1613
1090 1614
817 1615
358 1616
1226 1617
749 1618
658 1619
469 1620
449 1621
1445 1622
1191 1623
1570 1624
760 1625
1226 1626
526 1627
1320 1628
163 1629
265 1630
971 1631
1250 1632
679 1633
497 1634
1021 1635
574 1636
1559 1637
1414 1638
305 1639
1232 1640
1306 1641
1090 1642
47 1643
1399 1644
285 1645
1621 1646
297 1647
925 1648
721 1649
1178 1650
883 1651
1490 1652
553 1653
940 1654
1587 1655
847 1656
3 1657
1507 1658
549 1659
312 1660
454 1661
628 1662
1655 1663
81 1664
1551 1665
1422 1666
848 1667
695 1668
1245 1669
829 1670
642 1671
1378 1672
1185 1673
1205 1674
838 1675
1108 1676
265 1677
929 1678
118 1679
161 1680
1381 1681
192 1682
1439 1683
1339 1684
869 1685
1167 1686
1531 1687
1298 1688
1681 1689
668 1690
709 1691
1501 1692
666 1693
285 1694
267 1695
1189 1696
1607 1697
788 1698
105 1699
1128 1700
1401 1701
1108 1702
139 1703
1691 1704
300 1705
1286 1706
335 1707
1231 1708
94 1709
1426 1710
223 1711
1107 1712
961 1713
1213 1714
1261 1715
214 1716
1261 1717
656 1718
1247 1719
1098 1720
1531 1721
1324 1722
1611 1723
660 1724
309 1725
355 1726
32 1727
1432 1728
1457 1729
1219 1730
235 1731
591 1732
657 1733
634 1734
1402 1735
1442 1736
345 1737
542 1738
633 1739
1581 1740
341 1741
80 1742
781 1743
1272 1744
961 1745
453 1746
1227 1747
658 1748
1007 1749
1378 1750
1107 1751
619 1752
1566 1753
1339 1754
837 1755
1482 1756
246 1757
1310 1758
121 1759
310 1760
1 1761
694 1762
173 1763
181 1764
751 1765
415 1766
1701 1767
265 1768
1301 1769
1437 1770
262 1771
456 1772
521 1773
10 1774
715 1775
1614 1776
503 1777
749 1778
349 1779
328 1780
443 1781
906 1782
119 1783
343 1784
849 1785
1394 1786
1133 1787
1674 1788
267 1789
331 1790
1026 1791
396 1792
1003 1793
918 1794
120 1795
1076 1796
1067 1797
1005 1798
1549 1799
1373 1800
343 1801
975 1802
1543 1803
941 1804
39 1805
961 1806
1273 1807
1251 1808
127 1809
426 1810
1090 1811
809 1812
1621 1813
1272 1814
1735 1815
416 1816
735 1817
1481 1818
241 1819
360 1820
1179 1821
340 1822
1031 1823
1743 1824
463 1825
1817 1826
1253 1827
328 1828
515 1829
136 1830
1589 1831
1440 1832
801 1833
600 1834
1485 1835
191 1836
789 1837
1549 1838
440 1839
1396 1840
241 1841
784 1842
634 1843
38 1844
910 1845
124 1846
1686 1847
150 1848
1681 1849
1261 1850
1687 1851
1003 1852
1405 1853
377 1854
1721 1855
648 1856
676 1857
1297 1858
1129 1859
1565 1860
1723 1861
17 1862
757 1863
1252 1864
341 1865
758 1866
981 1867
1777 1868
1523 1869
1163 1870
91 1871
55 1872
1855 1873
100 1874
443 1875
970 1876
730 1877
1664 1878
433 1879
1566 1880
917 1881
1332 1882
167 1883
542 1884
679 1885
1293 1886
669 1887
391 1888
57 1889
869 1890
253 1891
344 1892
1115 1893
1794 1894
1425 1895
1766 1896
1099 1897
1497 1898
33 1899
157 1900
1876 1901
1320 1902
871 1903
1274 1904
167 1905
273 1906
68 1907
990 1908
1117 1909
61 1910
1183 1911
172 1912
1783 1913
152 1914
1027 1915
280 1916
1513 1917
979 1918
1051 1919
989 1920
1739 1921
376 1922
1154 1923
913 1924
587 1925
1210 1926
559 1927
1586 1928
1489 1929
94 1930
206 1931
316 1932
1723 1933
1885 1934
813 1935
1553 1936
318 1937
849 1938
1799 1939
469 1940
591 1941
799 1942
1389 1943
1306 1944
1903 1945
871 1946
443 1947
1882 1948
767 1949
1110 1950
1083 1951
1482 1952
849 1953
454 1954
1331 1955
193 1956
1186 1957
629 1958
537 1959
310 1960
1585 1961
761 1962
1383 1963
1614 1964
1920 1965
537 1966
475 1967
981 1968
937 1969
1443 1970
1937 1971
1768 1972
1160 1973
1056 1974
806 1975
1148 1976
441 1977
669 1978
956 1979
1497 1980
725 1981
170 1982
906 1983
280 1984
1268 1985
1950 1986
253 1987
1695 1988
747 1989
288 1990
183 1991
146 1992
1090 1993
193 1994
348 1995
1973 1996
398 1997
1841 1998
814 1999
380 2000
1873 2001
1057 2002
1411 2003
1662 2004
1633 2005
1090 2006
1462 2007
1133 2008
1272 2009
810 2010
1081 2011
138 2012
1073 2013
1921 2014
1705 2015
395 2016
421 2017
777 2018
293 2019
1105 2020
1451 2021
125 2022
1477 2023
1017 2024
1761 2025
950 2026
1337 2027
700 2028
749 2029
1343 2030
1050 2031
1115 2032
1395 2033
266 2034
1971 2035
1516 2036
799 2037
1507 2038
1591 2039
168 2040
109 2041
266 2042
21 2043
514 2044
599 2045
1964 2046
831 2047
1584 2048
1729 2049
1648 2050
1108 2051
1623 2052
1789 2053
1854 2054
1867 2055
639 2056
1829 2057
545 2058
70 2059
1770 2060
1880 2061
251 2062
922 2063
286 2064
1305 2065
1075 2066
1475 2067
1030 2068
1705 2069
219 2070
1352 2071
388 2072
781 2073
809 2074
1293 2075
311 2076
764 2077
242 2078
77 2079
1684 2080
1217 2081
122 2082
1945 2083
805 2084
1734 2085
1049 2086
901 2087
155 2088
109 2089
1753 2090
1244 2091
390 2092
233 2093
2081 2094
1559 2095
1122 2096
1694 2097
189 2098
931 2099
1857 2100
133 2101
677 2102
33 2103
1084 2104
997 2105
456 2106
575 2107
1061 2108
1625 2109
1468 2110
651 2111
1819 2112
1644 2113
1286 2114
397 2115
328 2116
337 2117
2069 2118
1969 2119
1869 2120
157 2121
412 2122
843 2123
1840 2124
1297 2125
749 2126
985 2127
1917 2128
1421 2129
1586 2130
1245 2131
720 2132
301 2133
737 2134
1535 2135
1731 2136
50 2137
392 2138
1467 2139
1886 2140
1987 2141
931 2142
611 2143
56 2144
457 2145
598 2146
1853 2147
1749 2148
2071 2149
2030 2150
1561 2151
1564 2152
168 2153
1548 2154
1471 2155
1086 2156
1294 2157
1692 2158
1031 2159
1350 2160
2040 2161
1940 2162
1135 2163
742 2164
323 2165
1397 2166
492 2167
1773 2168
1672 2169
217 2170
546 2171
1014 2172
287 2173
70 2174
1429 2175
1075 2176
1353 2177
696 2178
584 2179
41 2180
1341 2181
2181 2182
416 2183
1409 2184
1089 2185
871 2186
1489 2187
1192 2188
565 2189
496 2190
789 2191
1579 2192
1397 2193
970 2194
1263 2195
1028 2196
879 2197
917 2198
2107 2199
503 2200
1280 2201
1441 2202
928 2203
1945 2204
1473 2205
1642 2206
1533 2207
1470 2208
43 2209
1634 2210
1011 2211
1874 2212
406 2213
85 2214
1399 2215
1640 2216
82 2217
1341 2218
807 2219
278 2220
823 2221
1048 2222
1995 2223
297 2224
1476 2225
324 2226
2083 2227
765 2228
1181 2229
553 2230
61 2231
691 2232
1571 2233
1984 2234
849 2235
932 2236
344 2237
661 2238
1243 2239
1343 2240
652 2241
125 2242
345 2243
334 2244
2113 2245
186 2246
452 2247
1501 2248
913 2249
1379 2250
1306 2251
1716 2252
1919 2253
1475 2254
281 2255
32 2256
222 2257
943 2258
1833 2259
37 2260
2216 2261
884 2262
810 2263
2016 2264
115 2265
735 2266
1603 2267
583 2268
877 2269
788 2270
1606 2271
1132 2272
771 2273
40 2274
1927 2275
1345 2276
1870 2277
1085 2278
1987 2279
121 2280
517 2281
344 2282
1483 2283
1000 2284
894 2285
360 2286
1531 2287
686 2288
265 2289
908 2290
2279 2291
1456 2292
1114 2293
1465 2294
958 2295
1189 2296
379 2297
1843 2298
1597 2299
1542 2300
1574 2301
625 2302
1843 2303
536 2304
1129 2305
529 2306
376 2307
1940 2308
911 2309
1419 2310
2113 2311
2125 2312
936 2313
1555 2314
949 2315
2053 2316
625 2317
256 2318
1697 2319
1175 2320
1399 2321
67 2322
1936 2323
1415 2324
876 2325
1278 2326
1195 2327
2144 2328
335 2329
1031 2330
952 2331
1000 2332
1017 2333
800 2334
1969 2335
2177 2336
2203 2337
374 2338
1495 2339
1465 2340
118 2341
1144 2342
503 2343
1700 2344
1832 2345
1802 2346
1414 2347
1520 2348
1111 2349
1119 2350
999 2351
591 2352
227 2353
2328 2354
834 2355
973 2356
1425 2357
1388 2358
1444 2359
492 2360
2294 2361
1954 2362
635 2363
2150 2364
473 2365
446 2366
1883 2367
1663 2368
1625 2369
1260 2370
1301 2371
952 2372
1897 2373
1066 2374
1269 2375
2297 2376
812 2377
938 2378
2007 2379
204 2380
710 2381
2085 2382
418 2383
334 2384
249 2385
379 2386
2161 2387
1620 2388
817 2389
1608 2390
2101 2391
924 2392
2288 2393
87 2394
1730 2395
1858 2396
997 2397
1987 2398
986 2399
970 2400
43 2401
1205 2402
1341 2403
360 2404
2150 2405
1255 2406
1671 2407
200 2408
2009 2409
1802 2410
1041 2411
1180 2412
837 2413
1057 2414
1485 2415
1929 2416
1953 2417
1140 2418
520 2419
1988 2420
1651 2421
973 2422
1857 2423
103 2424
1213 2425
185 2426
1294 2427
102 2428
1473 2429
192 2430
179 2431
134 2432
881 2433
2264 2434
64 2435
833 2436
1124 2437
1052 2438
1852 2439
359 2440
1343 2441
1489 2442
1585 2443
519 2444
1944 2445
561 2446
1464 2447
1570 2448
721 2449
1136 2450
1029 2451
528 2452
1033 2453
2287 2454
2137 2455
1101 2456
257 2457
2309 2458
289 2459
2435 2460
1261 2461
51 2462
2283 2463
567 2464
1177 2465
2056 2466
995 2467
2134 2468
2386 2469
1462 2470
1821 2471
428 2472
625 2473
2233 2474
724 2475
217 2476
1733 2477
760 2478
2290 2479
1057 2480
2159 2481
1563 2482
2226 2483
2419 2484
1957 2485
496 2486
23 2487
538 2488
637 2489
1467 2490
1409 2491
1639 2492
2255 2493
545 2494
1843 2495
884 2496
691 2497
2258 2498
1935 2499
1591 2500
1230 2501
1874 2502
622 2503
211 2504
2248 2505
796 2506
659 2507
153 2508
2413 2509
691 2510
681 2511
814 2512
895 2513
748 2514
1301 2515
1814 2516
1731 2517
2144 2518
1287 2519
717 2520
246 2521
1382 2522
1091 2523
300 2524
1489 2525
1876 2526
1299 2527
1277 2528
238 2529
512 2530
355 2531
2123 2532
2263 2533
2321 2534
1268 2535
1881 2536
1350 2537
1989 2538
650 2539
1813 2540
2161 2541
2267 2542
1587 2543
497 2544
2017 2545
717 2546
2241 2547
601 2548
973 2549
2391 2550
2245 2551
2379 2552
1735 2553
12 2554
1085 2555
2333 2556
2105 2557
1450 2558
1025 2559
2044 2560
1169 2561
2185 2562
304 2563
308 2564
1309 2565
1296 2566
1314 2567
1316 2568
2269 2569
2502 2570
223 2571
2520 2572
1039 2573
453 2574
10 2575
2251 2576
2399 2577
754 2578
169 2579
531 2580
1949 2581
217 2582
1943 2583
2556 2584
2332 2585
225 2586
1786 2587
882 2588
2289 2589
2147 2590
2237 2591
2151 2592
2153 2593
1735 2594
13 2595
2201 2596
2542 2597
2334 2598
301 2599
1580 2600
1861 2601
1688 2602
35 2603
840 2604
530 2605
310 2606
3 2607
126 2608
2067 2609
1783 2610
1625 2611
2611 2612
1735 2613
2559 2614
2453 2615
942 2616
1937 2617
771 2618
907 2619
1832 2620
381 2621
812 2622
1525 2623
1500 2624
2137 2625
2368 2626
2177 2627
1896 2628
2101 2629
1196 2630
738 2631
466 2632
227 2633
1380 2634
1011 2635
1657 2636
1605 2637
1009 2638
2187 2639
801 2640
828 2641
940 2642
1529 2643
1129 2644
1997 2645
2639 2646
53 2647
621 2648
1645 2649
7 2650
1776 2651
1519 2652
36 2653
1769 2654
1777 2655
1675 2656
2113 2657
720 2658
235 2659
2104 2660
379 2661
2085 2662
2262 2663
1242 2664
1459 2665
474 2666
1629 2667
604 2668
133 2669
1155 2670
816 2671
2286 2672
1263 2673
2422 2674
2613 2675
2475 2676
1771 2677
2327 2678
1842 2679
1566 2680
849 2681
183 2682
2661 2683
2494 2684
1709 2685
2664 2686
1638 2687
1796 2688
2422 2689
1613 2690
770 2691
1272 2692
564 2693
796 2694
759 2695
1771 2696
902 2697
2029 2698
1774 2699
2418 2700
23 2701
1777 2702
2329 2703
2648 2704
2056 2705
2541 2706
2075 2707
2368 2708
1038 2709
133 2710
1166 2711
124 2712
1675 2713
85 2714
1799 2715
1973 2716
2465 2717
1629 2718
86 2719
1049 2720
1460 2721
901 2722
2455 2723
1051 2724
2515 2725
211 2726
2707 2727
2513 2728
2355 2729
1798 2730
323 2731
1314 2732
623 2733
1 2734
1780 2735
2441 2736
2301 2737
1150 2738
447 2739
1231 2740
1061 2741
2299 2742
547 2743
1223 2744
2015 2745
2639 2746
1013 2747
114 2748
2161 2749
61 2750
1275 2751
1247 2752
971 2753
1788 2754
649 2755
2307 2756
450 2757
1416 2758
761 2759
389 2760
2515 2761
1354 2762
1297 2763
230 2764
2729 2765
1101 2766
2088 2767
116 2768
9 2769
1021 2770
2095 2771
2437 2772
85 2773
1119 2774
281 2775
2176 2776
2632 2777
395 2778
532 2779
2227 2780
2551 2781
1630 2782
499 2783
2025 2784
1230 2785
2385 2786
1555 2787
1720 2788
1395 2789
58 2790
636 2791
567 2792
1816 2793
1973 2794
1819 2795
719 2796
916 2797
2162 2798
1825 2799
1417 2800
1215 2801
2394 2802
1555 2803
175 2804
1946 2805
700 2806
1641 2807
1852 2808
1378 2809
2281 2810
1347 2811
506 2812
285 2813
2449 2814
2265 2815
853 2816
1138 2817
2803 2818
2644 2819
2722 2820
2329 2821
1058 2822
1078 2823
2819 2824
658 2825
2344 2826
325 2827
1865 2828
2124 2829
2112 2830
2623 2831
2561 2832
177 2833
83 2834
848 2835
2503 2836
2815 2837
2242 2838
2023 2839
1270 2840
1002 2841
2585 2842
2465 2843
2211 2844
2583 2845
2399 2846
2180 2847
599 2848
585 2849
2052 2850
2227 2851
899 2852
2597 2853
1756 2854
2357 2855
146 2856
1102 2857
125 2858
159 2859
1822 2860
536 2861
944 2862
1525 2863
1882 2864
9 2865
1891 2866
2412 2867
1531 2868
2200 2869
1946 2870
1161 2871
2201 2872
2301 2873
1766 2874
1968 2875
123 2876
1732 2877
487 2878
70 2879
2558 2880
334 2881
336 2882
993 2883
651 2884
701 2885
2063 2886
2550 2887
1857 2888
1727 2889
2041 2890
959 2891
1192 2892
2089 2893
1646 2894
815 2895
152 2896
639 2897
800 2898
707 2899
961 2900
2431 2901
1744 2902
2872 2903
2626 2904
250 2905
368 2906
1879 2907
286 2908
2133 2909
2835 2910
2136 2911
2226 2912
2381 2913
782 2914
2729 2915
846 2916
331 2917
655 2918
1157 2919
2016 2920
521 2921
61 2922
1197 2923
2557 2924
365 2925
1931 2926
92 2927
2385 2928
2687 2929
999 2930
2891 2931
212 2932
1235 2933
1973 2934
1421 2935
1666 2936
353 2937
2721 2938
1515 2939
2346 2940
2078 2941
573 2942
1118 2943
864 2944
1254 2945
1177 2946
2248 2947
1814 2948
708 2949
2896 2950
2585 2951
2403 2952
2741 2953
585 2954
2513 2955
2452 2956
1645 2957
1622 2958
2041 2959
2430 2960
1853 2961
2378 2962
747 2963
2383 2964
2289 2965
756 2966
1031 2967
2877 2968
2200 2969
2182 2970
295 2971
960 2972
1482 2973
2005 2974
1726 2975
1636 2976
2704 2977
1719 2978
2607 2979
2100 2980
1871 2981
921 2982
2685 2983
1650 2984
2277 2985
385 2986
297 2987
251 2988
1889 2989
8 2990
2939 2991
932 2992
2970 2993
894 2994
2836 2995
1791 2996
2119 2997
411 2998
1733 2999
1697 3000
96 3001
150 3002
733 3003
1015 3004
1957 3005
2269 3006
1981 3007
704 3008
2194 3009
2377 3010
467 3011
978 3012
1342 3013
2259 3014
2473 3015
842 3016
1209 3017
1228 3018
2500 3019
1962 3020
265 3021
884 3022
651 3023
1947 3024
877 3025
1595 3026
507 3027
2503 3028
1594 3029
405 3030
1 3031
2570 3032
2947 3033
2777 3034
805 3035
2666 3036
2670 3037
1439 3038
2234 3039
1903 3040
726 3041
834 3042
547 3043
1005 3044
2731 3045
1121 3046
2793 3047
2962 3048
1477 3049
2873 3050
2971 3051
526 3052
50 3053
904 3054
1981 3055
2527 3056
1684 3057
3043 3058
2115 3059
2089 3060
451 3061
2126 3062
2733 3063
577 3064
2292 3065
317 3066
1681 3067
849 3068
1331 3069
1439 3070
999 3071
1377 3072
1666 3073
1090 3074
1626 3075
979 3076
1241 3077
2755 3078
2729 3079
2045 3080
2473 3081
872 3082
2394 3083
2861 3084
2650 3085
1007 3086
2759 3087
2788 3088
1322 3089
1531 3090
21 3091
542 3092
2833 3093
1434 3094
719 3095
1982 3096
443 3097
2942 3098
1653 3099
2350 3100
1941 3101
281 3102
233 3103
1582 3104
9 3105
1096 3106
2727 3107
473 3108
2105 3109
395 3110
684 3111
1171 3112
2281 3113
3015 3114
2242 3115
818 3116
3061 3117
3092 3118
2651 3119
2672 3120
2315 3121
1821 3122
2251 3123
2844 3124
3097 3125
201 3126
735 3127
511 3128
2869 3129
187 3130
2973 3131
2232 3132
2527 3133
1317 3134
2945 3135
136 3136
134 3137
1611 3138
1233 3139
1121 3140
477 3141
598 3142
2375 3143
1254 3144
2329 3145
2194 3146
2241 3147
2188 3148
1081 3149
980 3150
922 3151
2549 3152
1149 3153
654 3154
1807 3155
2918 3156
3097 3157
1761 3158
353 3159
2845 3160
2208 3161
2766 3162
167 3163
1307 3164
2017 3165
2935 3166
445 3167
1547 3168
737 3169
1515 3170
585 3171
455 3172
2573 3173
3018 3174
925 3175
1359 3176
2458 3177
2602 3178
240 3179
1383 3180
2697 3181
816 3182
2149 3183
2868 3184
1225 3185
1847 3186
518 3187
1630 3188
2873 3189
2443 3190
3003 3191
21 3192
205 3193
31 3194
2442 3195
2631 3196
1817 3197
1680 3198
2809 3199
311 3200
1783 3201
2341 3202
880 3203
3126 3204
1387 3205
858 3206
63 3207
1528 3208
343 3209
2573 3210
91 3211
1084 3212
403 3213
2479 3214
3033 3215
2155 3216
2829 3217
2951 3218
3009 3219
1222 3220
875 3221
3146 3222
1783 3223
2707 3224
1350 3225
2668 3226
1897 3227
845 3228
2821 3229
3067 3230
2239 3231
1053 3232
245 3233
2997 3234
59 3235
1997 3236
2035 3237
2368 3238
1854 3239
55 3240
96 3241
1701 3242
183 3243
2792 3244
161 3245
1763 3246
796 3247
1038 3248
801 3249
2725 3250
2365 3251
1234 3252
543 3253
1847 3254
1374 3255
955 3256
850 3257
540 3258
2997 3259
806 3260
621 3261
2425 3262
1545 3263
1045 3264
810 3265
2585 3266
1065 3267
2421 3268
3059 3269
3078 3270
993 3271
2766 3272
1135 3273
1233 3274
92 3275
1011 3276
2601 3277
796 3278
1742 3279
2878 3280
912 3281
2530 3282
2085 3283
2992 3284
2105 3285
824 3286
1095 3287
2143 3288
2454 3289
3027 3290
1169 3291
1589 3292
437 3293
1768 3294
699 3295
373 3296
193 3297
778 3298
2489 3299
1293 3300
2521 3301
2788 3302
107 3303
1763 3304
2129 3305
3263 3306
1455 3307
2104 3308
2967 3309
941 3310
197 3311
3159 3312
417 3313
2456 3314
931 3315
539 3316
1367 3317
1347 3318
1525 3319
712 3320
3265 3321
1601 3322
1669 3323
1572 3324
559 3325
1576 3326
1973 3327
2038 3328
423 3329
475 3330
2200 3331
2980 3332
439 3333
34 3334
2484 3335
2506 3336
2285 3337
1619 3338
2705 3339
1582 3340
3173 3341
3327 3342
1581 3343
3258 3344
279 3345
223 3346
906 3347
1224 3348
2857 3349
201 3350
1248 3351
3301 3352
644 3353
334 3354
3304 3355
867 3356
1376 3357
685 3358
3038 3359
773 3360
3151 3361
1074 3362
3051 3363
321 3364
453 3365
876 3366
2836 3367
2601 3368
1275 3369
3286 3370
1508 3371
2249 3372
2718 3373
2660 3374
2349 3375
1643 3376
182 3377
2986 3378
184 3379
2149 3380
2884 3381
668 3382
2921 3383
2277 3384
971 3385
818 3386
601 3387
8 3388
1541 3389
131 3390
2829 3391
2836 3392
1502 3393
1297 3394
2897 3395
2788 3396
567 3397
2949 3398
6 3399
958 3400
451 3401
2577 3402
2646 3403
1532 3404
365 3405
1630 3406
1049 3407
2629 3408
2865 3409
3004 3410
1433 3411
326 3412
1356 3413
989 3414
1183 3415
1951 3416
1389 3417
1750 3418
3171 3419
940 3420
1505 3421
3048 3422
581 3423
1048 3424
599 3425
315 3426
319 3427
1799 3428
2153 3429
1300 3430
1971 3431
1614 3432
1829 3433
873 3434
479 3435
1900 3436
2237 3437
1928 3438
1126 3439
318 3440
561 3441
2804 3442
1837 3443
1389 3444
1717 3445
2503 3446
303 3447
2695 3448
313 3449
2890 3450
2893 3451
27 3452
2375 3453
2393 3454
2135 3455
3095 3456
2611 3457
3080 3458
478 3459
1467 3460
3297 3461
2452 3462
2243 3463
398 3464
3157 3465
87 3466
793 3467
944 3468
627 3469
496 3470
1953 3471
2922 3472
2951 3473
1214 3474
2661 3475
2704 3476
3012 3477
1684 3478
377 3479
602 3480
271 3481
774 3482
63 3483
516 3484
747 3485
1514 3486
3454 3487
2093 3488
3103 3489
2152 3490
79 3491
2750 3492
1187 3493
220 3494
2871 3495
831 3496
263 3497
2216 3498
703 3499
2337 3500
2421 3501
2065 3502
2755 3503
23 3504
2777 3505
305 3506
2560 3507
2829 3508
2969 3509
1163 3510
2718 3511
1747 3512
1329 3513
2216 3514
1379 3515
2225 3516
2308 3517
924 3518
1731 3519
2551 3520
801 3521
3167 3522
871 3523
714 3524
305 3525
886 3526
3341 3527
3107 3528
1555 3529
1963 3530
2921 3531
2217 3532
1793 3533
2772 3534
229 3535
2577 3536
1809 3537
2537 3538
1195 3539
3464 3540
3017 3541
116 3542
2708 3543
1477 3544
3096 3545
2075 3546
115 3547
193 3548
1279 3549
3013 3550
2261 3551
1495 3552
2779 3553
3086 3554
2461 3555
748 3556
3261 3557
166 3558
869 3559
47 3560
81 3561
1592 3562
3050 3563
718 3564
2027 3565
2279 3566
801 3567
2046 3568
827 3569
3007 3570
2325 3571
892 3572
2117 3573
3421 3574
1007 3575
1751 3576
361 3577
2872 3578
543 3579
3231 3580
1086 3581
1940 3582
2116 3583
2178 3584
3403 3585
2663 3586
3265 3587
1943 3588
1342 3589
442 3590
2276 3591
3086 3592
2145 3593
877 3594
3051 3595
1149 3596
2569 3597
3458 3598
113 3599
2243 3600
1 3601
1724 3602
2061 3603
792 3604
1179 3605
381 3606
2027 3607
1012 3608
210 3609
3471 3610
2616 3611
857 3612
841 3613
335 3614
3343 3615
1799 3616
781 3617
176 3618
2801 3619
2988 3620
3512 3621
2068 3622
2839 3623
1008 3624
577 3625
723 3626
855 3627
1975 3628
1725 3629
3237 3630
1879 3631
2243 3632
993 3633
1825 3634
2483 3635
1038 3636
1009 3637
518 3638
740 3639
498 3640
1473 3641
144 3642
1517 3643
2153 3644
2981 3645
2959 3646
1043 3647
1573 3648
2905 3649
342 3650
2631 3651
537 3652
2540 3653
1104 3654
3123 3655
1438 3656
2443 3657
1324 3658
2855 3659
2710 3660
1 3661
2961 3662
1491 3663
3532 3664
2713 3665
1346 3666
2151 3667
2236 3668
393 3669
1420 3670
2689 3671
56 3672
2194 3673
1253 3674
2414 3675
2248 3676
1053 3677
1194 3678
2667 3679
2289 3680
2729 3681
796 3682
921 3683
199 3684
85 3685
2348 3686
727 3687
2619 3688
1701 3689
2126 3690
3181 3691
2893 3692
2512 3693
1644 3694
2615 3695
738 3696
411 3697
559 3698
3304 3699
2975 3700
2850 3701
1611 3702
1625 3703
2283 3704
1471 3705
3418 3706
853 3707
3301 3708
2677 3709
1762 3710
2355 3711
163 3712
2815 3713
3255 3714
1531 3715
1985 3716
1353 3717
1205 3718
2380 3719
2546 3720
907 3721
2252 3722
17 3723
3684 3724
77 3725
2413 3726
919 3727
2745 3728
2382 3729
3184 3730
1803 3731
1145 3732
329 3733
1334 3734
1895 3735
1051 3736
2816 3737
1633 3738
2324 3739
25 3740
2719 3741
538 3742
2357 3743
1309 3744
557 3745
196 3746
3507 3747
1389 3748
280 3749
3160 3750
1651 3751
981 3752
225 3753
2626 3754
2917 3755
2598 3756
3024 3757
315 3758
1979 3759
640 3760
41 3761
1203 3762
3235 3763
1436 3764
2433 3765
1183 3766
629 3767
3461 3768
1573 3769
Q 3479 2595
Q 3670 2235
C 3415 1183
C 674 261
Q 3311 2015
U 1
C 3278 796
Q 1572 2124
C 132 65
U 2
C 200 121
U 5
Q 3065 3444
Q 290 3221
C 157 1
U 3
C 438 93
C 1938 849
C 2246 186
C 1527 277
Q 3164 1273
C 1367 516
U 4
U 9
U 8
Q 361 95
Q 3752 2517
Q 371 2414
Q 1430 2457
C 461 251
Q 2951 801
U 10
U 7
U 11
Q 3257 3205
Q 1705 1883
Q 2865 1315
Q 1019 3323
C 3362 1074
C 2882 336
U 13
Q 1970 425
U 12
U 6
C 2627 2177
U 14
C 2168 1773
C 3464 398
Q 1498 1788
C 3150 980
C 1216 370
C 2615 2453
C 1213 453
Q 1014 3213
C 1676 1108
Q 2906 1859
U 15
U 17
C 2702 1777
Q 77 1960
Q 1014 1988
U 22
Q 337 1062
Q 344 3290
U 21
Q 934 2704
U 19
C 3080 2045
U 16
Q 2401 3733
C 1742 80
U 23
C 2813 285
U 18
Q 95 3519
C 2382 2085
Q 2789 2825
C 1067 683
Q 1475 2857
Q 1348 2091
C 3578 2872
C 3042 834
Q 1654 2993
U 27
C 2498 2258
U 24
U 26
C 3000 1697
C 3444 1389
Q 2166 947
C 3439 1126
Q 658 2882
Q 3126 3308
C 860 60
Q 3610 1940
Q 2702 826
C 2762 1354
Q 396 3618
C 3727 919
U 30
U 20
U 32
U 36
U 29
C 970 370
Q 54 3513
C 1122 119
U 34
C 1478 1194
C 2992 932
U 40
U 39
C 3225 1350
Q 630 608
U 37
C 516 418
Q 1377 527
U 25
C 2776 2176
C 170 58
Q 1008 213
Q 3752 2270
C 3410 3004
Q 3349 400
Q 3617 621
U 41
Q 975 621
C 1442 233
Q 3208 3415
Q 3117 3295
C 2660 2104
C 1288 688
U 28
C 1322 442
Q 411 3227
U 45
C 2258 943
C 3418 1750
C 2682 183
C 3372 2249
Q 2752 1103
Q 786 1635
U 43
U 53
C 506 167
U 31
U 35
C 1514 1187
C 580 438
C 1046 474
C 2333 1017
U 50
Q 2158 2296
C 2692 1272
C 62 6
U 57
Q 3371 3277
U 49
C 3438 1928
C 2567 1314
C 3728 2745
Q 3217 1021
Q 650 1249
U 58
U 44
Q 915 1657
Q 2387 1511
Q 3544 2009
U 56
Q 1756 2834
C 2570 2502
Q 1369 3487
Q 1037 1946
U 61
C 96 46
Q 2136 901
C 3341 3173
C 2858 125
U 48
Q 349 2886
Q 1477 888
U 55
C 828 415
C 2309 911
U 64
U 51
Q 577 583
C 3266 2585
U 33
C 2004 1662
C 2654 1769
Q 983 196
C 530 32
C 2903 2872
U 73
Q 999 2013
U 75
C 1865 341
U 65
U 63
Q 1067 2648
C 3709 2677
U 68
Q 694 847
Q 2307 1567
C 1746 453
U 52
C 1553 17
U 54
Q 460 2593
Q 1658 3766
Q 1788 1514
C 2293 1114
Q 2434 2307
C 2409 2009
U 60
C 3509 2969
Q 606 1341
C 898 4
Q 2264 2191
Q 1824 3618
U 74
C 3389 1541
Q 40 2634
U 76
Q 986 1639
U 83
Q 3530 898
C 3476 2704
Q 16 2642
Q 421 2680
Q 1103 3041
Q 2205 1960
Q 322 2481
C 3338 1619
U 71
C 2689 2422
Q 2894 1312
U 70
U 62
Q 2345 3511
U 72
C 491 386
Q 1862 1291
Q 379 1427
Q 2911 1726
Q 739 1095
C 2648 621
C 2621 381
U 66
C 419 188
C 2310 1419
Q 683 363
U 77
C 2313 936
U 79
U 67
C 1361 1301
Q 2877 1430
C 758 541
Q 757 1296
C 3314 2456
Q 3139 833
U 91
Q 1060 213
U 81
U 93
C 3092 542
C 974 605
Q 2490 3263
U 97
C 869 8
C 3378 2986
U 98
Q 3480 3046
Q 494 781
U 96
U 89
Q 853 1852
C 3314 2456
U 100
U 88
C 1154 449
C 2289 265
C 3341 3173
C 2047 831
Q 3558 574
U 86
Q 2390 3049
U 92
U 95
C 423 403
C 3338 1619
C 292 242
C 398 318
C 1914 152
Q 1583 602
Q 3335 1860
Q 2345 264
Q 3628 2153
C 3110 395
C 1714 1213
Q 1975 1856
Q 3671 2273
U 105
U 104
Q 685 3236
U 101
U 85
U 99
U 107
C 536 405
Q 892 2851
U 103
Q 1075 3535
U 87
Q 164 240
C 550 316
U 106
Q 226 2537
U 114
Q 2672 3414
U 110
U 109
C 919 103
U 111
Q 3008 114
U 94
Q 3470 1948
Q 2810 2311
Q 1795 2094
C 2153 168
U 38
U 59
Q 1442 462
C 893 619
C 1823 1031
C 1606 985
U 108
Q 530 306
Q 1346 2164
C 143 139
C 3644 2153
C 2212 1874
Q 434 188
C 557 279
Q 923 283
Q 30 1181
Q 578 3038
Q 3239 7
U 69
U 82
C 1659 549
U 118
Q 1215 495
Q 2294 3059
Q 1618 3193
C 1670 829
Q 1457 1899
C 3716 1985
U 121
U 115
Q 904 738
U 102
C 1025 829
C 2142 931
C 2893 2089
U 112
U 124
C 1660 312
U 130
U 46
Q 2852 1602
Q 161 1347
C 3498 2216
U 47
U 117
C 3078 2755
U 113
C 1424 456
U 128
U 127
Q 882 137
U 129
U 90
C 558 105
C 1930 94
Q 3740 2316
U 122
C 2949 708
C 656 168
Q 385 412
C 1622 1445
U 135
C 394 349
C 3638 518
Q 865 756
U 125
U 131
C 746 178
C 170 58
U 116
Q 568 2214
Q 2482 1829
Q 3321 3034
U 141
U 139
U 119
Q 2684 3293
Q 3603 626
C 2807 1641
C 2998 411
Q 1189 2764
C 952 44
C 419 188
Q 2828 2137
Q 507 895
C 793 525
Q 1507 3028
C 770 589
U 138
U 145
C 353 79
C 1106 1041
Q 177 1439
Q 1789 117
C 2986 385
C 650 345
Q 1850 1764
Q 3588 3396
Q 1660 2367
Q 2642 1897
Q 1378 1400
C 3039 2234
U 84
C 3074 1090
Q 3154 464
Q 921 1279
Q 1048 1034
Q 2016 1980
U 149
Q 2369 2169
Q 2510 1605
Q 3449 3215
C 3240 55
Q 391 2762
Q 1391 2677
Q 1045 3009
U 134
C 3209 343
C 938 197
C 2250 1379
Q 1637 1988
Q 850 1751
C 2456 1101
U 136
U 140
C 580 438
U 153
C 3236 1997
Q 1669 517
Q 2494 2970
Q 1480 1945
C 1898 1497
Q 642 2646
Q 2580 2571
Q 1862 742
U 142
C 2392 924
C 3126 201
Q 1778 1714
C 2765 2729
C 1301 369
U 144
Q 1807 2592
U 151
Q 2248 3037
Q 2175 2172
U 166
C 2930 999
U 157
C 2078 242
C 970 370
U 132
Q 491 1243
C 3311 197
C 1186 868
U 168
C 3544 1477
C 362 324
U 173
Q 3769 3410
Q 3447 574
U 163
C 2671 816
U 158
U 133
U 172
Q 2166 1943
Q 3531 1523
C 290 102
C 2402 1205
C 3515 1379
Q 49 3467
Q 2538 3668
C 3506 305
C 338 265
Q 514 1591
C 159 109
Q 2164 49
Q 3661 229
C 3620 2988
U 160
U 155
U 176
C 2792 567
C 1628 1320
Q 1380 3199
U 154
C 898 4
U 159
U 177
C 1642 1090
Q 3006 3736
U 78
Q 298 1850
Q 865 2142
C 3722 2252
C 697 191
C 1218 414
U 152
C 2402 1205
U 167
U 174
Q 1520 2724
Q 510 1148
Q 3650 426
Q 2456 107
U 42
Q 2307 2561
C 2762 1354
C 1190 581
U 169
Q 1934 3129
Q 1724 442
U 179
U 171
Q 1745 1695
Q 1352 114
U 146
C 314 196
U 187
U 165
U 164
C 1732 591
U 180
Q 2620 124
U 120
U 156
C 3286 824
U 189
U 143
C 2642 940
Q 3740 739
C 2039 1591
Q 319 682
Q 3197 939
C 1082 583
Q 963 2854
U 150
C 3738 1633
C 3703 1625
Q 576 2220
Q 2619 2111
Q 840 818
U 186
Q 518 2146
C 3626 723
Q 2341 2148
U 178
U 188
U 147
Q 711 792
C 1674 1205
U 148
C 1730 1219
Q 1746 1846
U 161
Q 831 3178
U 185
U 199
U 191
Q 3053 2446
U 190
U 175
Q 514 1782
C 1490 598
Q 1612 1983
Q 787 3068
Q 1403 3342
C 1664 81
C 1250 271
U 197
U 200
Q 1029 3386
U 126
Q 755 1519
C 3021 265
C 650 345
U 194
U 207
C 42 14
U 203
C 3574 3421
C 3530 1963
C 1293 203
C 1520 1372
C 2938 2721
Q 280 3597
C 1554 342
Q 2809 2918
C 1669 1245
Q 2262 886
C 3347 906
Q 1306 2136
U 198
Q 32 1119
Q 1880 2482
Q 3658 3646
Q 174 733
Q 821 3331
U 202
C 282 179
Q 1128 3204
C 232 85
Q 25 1993
Q 2212 1104
U 195
Q 2873 736
C 79 65
U 212
C 3542 116
U 192
U 181
C 98 2
Q 3724 2921
C 3104 1582
Q 3011 2151
C 2268 583
C 3434 873
Q 2232 3662
Q 3017 1667
C 2243 345
Q 1451 2981
C 2842 2585
Q 1967 652
C 1241 352
U 137
C 2160 1350
Q 2731 600
Q 1933 2294
U 223
Q 1234 3509
Q 2381 701
Q 2814 717
U 210
C 1778 749
C 564 246
U 123
U 184
U 226
Q 854 1305
C 2672 2286
C 72 40
U 183
Q 2844 2567
U 196
C 1010 990
U 214
U 217
U 205
C 2687 1638
C 3030 405
Q 1953 1339
Q 1969 1685
U 170
Q 3423 344
C 3245 161
C 1298 490
U 216
U 234
U 204
C 3614 335
Q 562 34
Q 2369 2979
U 211
U 218
C 3031 1
Q 3173 242
Q 1183 2358
Q 940 786
C 2823 1078
C 2 1
C 2722 901
Q 3339 2937
U 241
Q 564 538
C 2155 1471
U 225
Q 2781 2155
Q 3228 1687
Q 892 2521
U 208
C 630 549
U 231
C 3666 1346
U 244
C 330 113
U 245
C 1850 1261
U 240
U 235
U 222
U 209
Q 757 680
C 1478 1194
C 706 127
Q 2056 3661
U 236
C 3263 1545
Q 1539 1103
U 237
Q 1305 1987
Q 2616 1817
Q 1470 1617
C 1361 1301
C 546 278
Q 1755 3743
Q 1942 3261
C 1480 825
C 984 74
Q 1691 3437
C 293 209
U 227
C 1989 747
C 2495 1843
Q 261 2209
C 3195 2442
Q 235 788
U 221
U 253
C 1285 337
Q 372 1176
Q 1247 3434
U 219
Q 1987 310
C 1634 497
Q 352 2585
Q 1177 1262
U 201
Q 308 3431
Q 1235 3388
U 224
Q 1601 3305
U 251
Q 237 2475
C 1790 331
Q 3581 2296
C 1862 17
Q 779 705
Q 31 370
U 232
Q 637 3462
U 254
C 1544 474
C 3448 2695
U 229
U 243
C 2147 1853
U 239
C 1250 271
U 230
U 246
C 374 314
C 1562 723
C 1655 1587
C 42 14
Q 2456 1147
U 206
U 228
C 3304 1763
C 742 37
Q 2205 1590
U 213
C 170 58
C 2486 496
Q 1267 498
Q 1181 3698
C 3424 1048
C 89 15
Q 3424 332
Q 1141 779
Q 1791 119
C 3584 2178
C 2445 1944
Q 3713 1421
Q 2524 1425
C 1046 474
U 264
U 255
U 233
U 249
Q 1346 1985
C 2506 796
C 2593 2153
C 3406 1630
Q 3520 1489
Q 2822 1224
Q 3278 2399
Q 2301 1801
U 215
Q 3341 1916
U 259
U 273
Q 2843 3208
U 265
C 1220 1034
U 261
C 134 132
U 270
U 279
Q 820 581
Q 592 1955
Q 1614 862
C 2930 999
Q 2087 2465
C 428 20
Q 2567 2993
Q 1940 2919
U 182
C 1704 1691
C 2282 344
C 3014 2259
C 2215 1399
Q 575 3459
C 3088 2788
C 3242 1701
Q 3366 586
Q 3301 1906
Q 1484 3467
Q 2270 2258
Q 2716 706
U 269
Q 3277 2898
U 281
C 818 207
Q 3684 2971
C 131 20
C 1298 490
Q 367 2884
Q 631 670
C 1983 906
U 257
U 294
C 1880 1566
Q 1028 3113
U 283
Q 2512 2476
U 250
U 295
U 193
C 2250 1379
Q 2896 772
Q 224 314
C 2275 1927
Q 215 3694
U 277
C 2302 625
U 291
Q 779 3270
U 266
C 2396 1858
Q 1989 995
C 1724 660
C 512 109
U 252
C 1127 535
C 1307 626
C 2850 2052
Q 3534 1547
U 285
U 293
Q 436 507
U 284
C 2548 601
U 262
U 242
U 301
Q 3059 1275
Q 2298 1503
U 305
C 3551 2261
C 1178 319
C 2381 710
Q 1492 826
Q 2252 777
Q 723 3546
U 282
U 263
U 297
U 275
Q 3572 217
C 810 507
Q 1131 715
U 80
C 3615 3343
Q 3542 339
U 247
C 2359 1444
C 1622 1445
U 276
Q 84 2819
Q 925 2305
C 1366 1362
U 280
Q 2894 1268
Q 1617 3349
U 271
C 3256 955
C 1984 280
Q 2895 481
C 2474 2233
U 303
U 315
C 1988 1695
C 2713 1675
Q 1285 3484
Q 1825 2107
C 1244 1149
C 3506 305
Q 784 1961
C 62 6
U 292
U 267
Q 296 121
C 514 150
U 289
C 2024 1017
U 307
U 296
U 324
Q 2023 690
U 300
U 302
C 194 97
C 3421 1505
C 251 26
U 313
U 321
Q 1466 2972
C 3418 1750
Q 3311 1704
U 260
C 3464 398
U 278
C 2210 1634
Q 1891 3596
C 406 244
C 2156 1086
C 803 757
C 1136 1051
C 2216 1640
U 304
U 329
U 316
U 272
C 1027 586
C 3494 220
Q 1782 3503
U 331
C 3730 3184
C 3470 496
Q 1848 904
C 743 499
C 1955 1331
Q 114 3729
Q 3707 3667
C 938 197
C 1070 191
U 311
U 317
Q 2991 221
C 1986 1950
Q 3203 2960
C 507 325
Q 3430 3460
Q 206 2205
C 1697 1607
Q 701 3672
Q 2023 3393
U 220
Q 3261 2382
C 2181 1341
C 1952 1482
U 238
C 18 12
Q 3073 2449
Q 2086 1939
C 2843 2465
U 323
Q 1392 595
U 287
U 339
Q 3679 3170
Q 660 215
U 306
U 338
C 1635 1021
Q 3632 1
Q 3644 2650
C 333 1
C 632 86
U 298
U 335
U 343
Q 1645 280
Q 3669 2007
Q 1132 1921
C 3393 1502
Q 658 23
U 325
Q 998 2310
Q 2455 2243
Q 2579 420
Q 3537 2028
Q 827 2364
C 602 243
C 2678 2327
Q 2142 963
C 852 205
Q 794 793
C 2837 2815
C 188 119
U 342
C 1248 41
Q 3430 2528
Q 3383 949
C 3458 3080
U 353
C 938 197
U 319
C 1405 193
C 2930 999
Q 3382 1753
C 1688 1298
C 161 99
Q 979 2982
U 349
Q 3021 140
C 459 57
U 357
Q 2045 1388
Q 1761 3127
C 1498 11
Q 3459 469
U 258
Q 2506 2356
Q 3469 3205
C 944 263
Q 775 2221
U 347
C 1336 1236
C 1332 472
Q 1210 1373
Q 115 1724
U 268
U 369
C 3767 629
Q 2538 1545
U 363
C 2659 235
Q 3369 3746
Q 3140 582
U 344
U 337
U 327
U 341
Q 3610 1871
C 2872 2201
C 2210 1634
U 366
Q 186 3014
U 362
C 760 555
Q 3758 2199
C 3115 2242
Q 229 1515
Q 3208 1362
U 372
C 3437 2237
Q 2897 1889
C 114 30
U 378
Q 1590 3027
Q 2775 2076
U 318
Q 2085 2048
U 361
Q 2794 1486
C 2714 85
Q 716 1716
U 346
C 503 388
Q 1052 2891
Q 10 132
Q 2258 508
U 377
C 2787 1555
C 927 112
C 1320 63
C 467 361
Q 3026 1630
U 299
U 333
C 1094 1039
Q 2001 23
Q 1101 2039
U 345
U 384
U 352
Q 2844 3328
C 3563 3050
Q 2673 317
C 1072 769
Q 660 460
U 368
Q 2731 2669
Q 2101 2605
C 146 121
Q 114 974
C 1192 850
Q 2721 1429
U 358
C 3419 3171
C 1764 181
C 74 26
Q 3193 3557
U 351
Q 2253 1214
C 914 351
C 92 1
C 2300 1542
Q 3143 104
C 2777 2632
U 326
C 1182 658
Q 3499 2887
Q 714 2654
U 310
U 394
U 381
Q 3139 39
U 274
Q 626 1620
Q 1130 2661
C 1378 722
Q 875 3511
Q 530 3741
C 242 122
U 328
U 370
Q 614 3077
U 386
Q 3500 297
Q 3289 3759
C 3150 980
C 1828 328
Q 1054 2446
U 364
U 397
U 388
Q 2968 1644
Q 3655 2017
U 367
Q 2058 1400
C 1136 1051
U 385
U 400
U 309
Q 2769 1444
U 356
Q 3149 1890
C 11 3
U 256
U 375
C 3387 601
C 2162 1940
U 336
C 2606 310
C 2770 1021
U 308
C 1138 385
U 392
Q 3601 1316
U 162
U 320
Q 109 651
U 248
C 1820 360
U 373
U 359
U 379
Q 1149 261
U 409
U 408
C 38 37
C 1168 288
U 376
C 57 54
C 3690 2126
Q 2017 1172
C 1606 985
Q 430 945
U 413
Q 2636 2339
U 390
Q 1041 1849
U 393
C 345 117
U 371
Q 83 124
U 402
U 412
C 3589 1342
C 2666 474
U 417
U 399
C 1039 43
Q 1794 1899
U 290
Q 1359 3
U 360
U 403
Q 129 3096
Q 66 1600
U 415
U 398
Q 1314 2470
U 416
U 355
C 1016 494
Q 826 1748
Q 3244 1118
U 411
U 383
C 3206 858
Q 405 2109
Q 827 1097
C 1944 1306
Q 3590 3733
C 2061 1880
U 387
U 391
C 1917 1513
C 3428 1799
C 3482 774
C 530 32
C 978 383
U 419
C 850 403
Q 1431 194
C 74 26
U 431
U 422
C 113 51
Q 773 3048
Q 868 433
Q 3681 1030
C 3426 315
Q 3362 3175
Q 2801 2229
U 334
Q 2348 1216
C 2946 1177
U 405
U 288
U 401
U 433
U 421
C 1202 986
Q 3476 2185
Q 2916 1655
C 3516 2225
Q 1160 3576
U 348
Q 1029 2286
C 3474 1214
C 3522 3167
Q 3106 3220
C 3208 1528
C 725 714
C 1111 399
C 2720 1049
U 395
U 407
C 2311 2113
C 2318 256
Q 890 2309
Q 3485 2307
Q 1361 150
C 1394 1356
U 396
Q 604 641
U 432
Q 1868 3436
Q 314 2020
Q 1311 3673
Q 998 222
C 2075 1293
Q 3053 3142
U 427
Q 1675 3321
Q 2130 855
C 3650 342
Q 3134 72
C 132 65
C 1636 574
U 410
U 448
U 332
Q 739 6
C 1730 1219
C 932 622
Q 2711 1720
Q 336 2713
Q 1065 2189
U 430
U 406
U 340
U 429
C 560 41
Q 2284 650
Q 2711 3196
C 507 325
U 423
Q 2701 3404
Q 386 815
Q 442 3619
Q 728 2483
C 674 261
U 365
C 2972 960
C 1688 1298
Q 2910 3470
Q 374 2941
Q 169 1753
U 414
U 439
Q 2072 1184
U 451
U 449
Q 203 2256
U 445
C 710 13
Q 100 3195
Q 1752 2366
Q 1412 611
Q 1377 3469
Q 234 142
U 314
U 420
U 457
C 582 12
U 425
U 456
Q 3341 720
U 404
Q 3755 2789
Q 530 3258
Q 968 3300
C 3543 2708
C 3610 3471
U 441
C 3356 867
Q 1228 2747
U 418
C 3583 2116
C 842 214
Q 224 2746
Q 3235 640
C 2830 2112
Q 2665 2781
U 312
U 464
Q 1570 1548
Q 895 3031
Q 3267 692
U 437
Q 792 465
C 3602 1724
Q 1788 3434
Q 1470 1064
C 2906 368
U 286
C 3278 796
Q 374 3186
U 453
U 447
C 1970 1443
C 2738 1150
Q 3354 600
C 2 1
U 440
C 1214 1194
Q 790 225
U 459
Q 1674 2248
U 424
C 3502 2065
Q 2711 900
C 1106 1041
U 452
U 436
U 450
Q 1019 2851
C 3010 2377
U 473
C 3098 2942
U 428
C 1768 265
U 446
C 2234 1984
C 1833 801
C 3634 1825
Q 830 2869
C 1220 1034
Q 3426 1783
Q 2433 1976
Q 141 1742
Q 771 3715
U 466
C 1296 952
C 3164 1307
Q 2514 903
C 458 308
U 435
U 476
Q 1114 3244
Q 2377 2593
Q 2140 1921
C 1646 1621
Q 506 3197
Q 2304 1034
Q 2629 528
Q 1512 1546
U 389
Q 1659 682
C 1184 846
U 477
U 458
Q 3181 104
U 434
C 3156 2918
C 464 255
Q 873 2520
U 322
C 1774 10
C 3050 2873
C 1682 192
Q 2743 3394
U 489
U 488
Q 3296 276
C 2068 1030
C 2150 2030
C 962 893
Q 3051 1068
U 354
U 470
Q 3549 3045
U 438
C 1535 1003
C 3028 2503
C 2710 133
Q 3135 824
C 2182 2181
U 461
Q 880 3099
U 426
Q 2608 84
Q 326 1142
C 442 388
Q 759 214
Q 2448 3706
Q 2915 1857
Q 3637 1036
U 491
U 374
C 3086 1007
Q 860 3598
C 1182 658
Q 2190 2659
C 1167 1123
U 487
U 442
Q 2003 3472
U 454
U 497
C 2606 310
Q 3703 670
Q 1583 2806
Q 874 2349
C 2173 287
Q 1554 2468
C 1417 454
C 12 4
C 3701 2850
C 532 328
C 550 316
U 505
U 469
C 1522 1335
C 2746 2639
Q 2970 2121
Q 1377 1251
Q 1614 1167
Q 3229 2575
Q 3514 1983
Q 829 1729
C 3242 1701
C 3256 955
Q 2731 2212
U 484
C 1616 358
C 398 318
U 512
U 479
C 542 425
U 382
U 504
C 1088 751
U 509
U 481
C 1306 181
C 3110 395
C 1805 39
C 726 283
C 2289 265
Q 683 2193
U 480
U 465
Q 1847 1709
U 471
Q 3622 780
U 463
Q 722 1625
C 2750 61
U 496
Q 684 1737
C 2031 1050
C 1722 1324
Q 1505 557
U 521
Q 1416 2151
Q 2069 2149
C 3268 2421
C 71 33
C 1358 1325
Q 2916 1755
U 495
Q 521 1108
U 455
U 507
Q 467 327
Q 2328 2875
Q 2794 1662
Q 2929 3541
U 524
C 2416 1929
U 483
U 519
C 2358 1388
C 74 26
C 1170 111
C 920 379
C 3445 1717
C 2410 1802
Q 1380 1108
Q 470 3215
C 506 167
C 1964 1614
C 221 151
U 500
C 2568 1316
Q 2130 167
Q 2987 1668
C 261 248
U 539
U 526
U 516
U 523
C 3002 150
C 3248 1038
C 1368 159
C 770 589
C 600 175
U 513
C 1938 849
U 528
C 3386 818
Q 1035 184
C 3743 2357
Q 3282 1923
C 1580 395
C 278 49
C 3421 1505
U 510
Q 3058 1729
U 503
U 540
C 3712 163
U 520
U 501
C 690 245
C 2976 1636
C 2724 1051
C 2942 573
U 517
U 552
U 551
C 2171 546
Q 495 890
Q 3119 2034
U 529
U 541
Q 2858 858
U 533
C 538 148
U 485
U 478
C 984 74
Q 601 1650
C 321 249
C 1442 233
Q 1054 992
C 3585 3403
U 498
C 346 253
C 2381 710
C 2794 1973
U 460
Q 3664 2213
Q 1331 558
C 3526 886
Q 3385 1984
Q 3684 1446
C 842 214
Q 2656 2737
U 444
C 1658 1507
C 1927 559
U 511
Q 20 52
U 543
C 1502 907
U 515
U 548
U 468
U 506
Q 2115 1216
C 3131 2973
Q 2088 3490
Q 328 843
C 2790 58
U 527
U 490
U 518
U 330
U 514
C 3545 3096
C 3140 1121
Q 705 1391
U 559
Q 1953 2363
C 1970 1443
Q 1397 1495
Q 1776 1915
Q 2089 2686
U 475
U 467
U 554
U 525
U 443
U 494
Q 2002 2704
Q 2288 1150
C 2060 1770
C 986 228
U 547
U 562
Q 161 259
U 553
Q 2880 1506
Q 2537 3356
U 502
Q 2116 469
C 1046 474
C 3246 1763
U 567
C 712 259
U 565
U 508
Q 2432 892
U 574
Q 2453 3150
Q 232 1768
U 555
Q 1335 75
Q 2724 2372
C 1324 904
U 486
C 257 105
Q 2167 3383
U 561
U 530
U 546
C 3541 3017
C 2274 40
U 499
Q 1393 2487
Q 3249 715
Q 1062 1517
U 462
Q 2637 3139
U 556
C 2 1
U 571
Q 2745 1460
Q 1034 1371
Q 1182 454
C 2761 2515
U 575
C 1037 855
Q 3480 2870
Q 986 2289
C 1178 319
U 560
U 542
Q 234 364
Q 1511 2494
Q 476 2827
U 482
C 734 676
C 3005 1957
Q 1839 2755
U 350
Q 495 1015
C 1370 1258
Q 639 2991
C 765 471
C 2666 474
U 591
Q 1505 142
U 583
U 493
C 2355 834
C 2208 1470
C 1754 1339
C 3205 1387
C 2122 412
C 1526 723
Q 3312 802
C 26 23
C 3163 167
U 569
U 535
C 206 42
C 167 55
U 576
U 579
U 599
C 2296 1189
U 586
Q 2538 2220
Q 941 2035
U 593
C 134 132
U 531
Q 1305 1092
C 2495 1843
Q 1827 323
Q 2651 2401
U 536
U 581
Q 2214 1826
U 602
C 3185 1225
U 585
Q 1175 2202
U 534
C 2970 2182
U 600
C 2364 2150
C 2582 217
Q 167 1154
Q 1982 2876
U 537
C 3350 201
C 676 56
Q 3680 3291
U 604
Q 2137 1837
U 563
U 594
C 296 268
C 1372 425
C 2741 1061
U 610
Q 895 1918
U 532
U 589
C 2397 997
C 3279 1742
U 609
C 3286 824
U 538
C 2975 1726
Q 3478 1867
U 572
C 479 56
U 616
U 605
Q 2309 2170
U 619
Q 227 341
Q 22 1185
Q 325 1253
U 595
C 2804 175
Q 2229 1315
U 601
C 210 11
C 3197 1817
Q 1488 2356
C 954 787
U 588
C 2474 2233
U 570
U 545
U 573
U 607
Q 2580 2030
C 1060 463
C 254 122
C 1538 492
C 3608 1012
Q 387 453
Q 406 1519
Q 3514 859
C 2444 519
U 613
U 380
C 324 157
C 662 59
C 2606 310
Q 231 2247
Q 1270 1783
Q 1008 832
Q 866 1403
Q 705 2405
Q 1494 1954
C 1349 917
Q 245 1863
Q 2791 286
C 2276 1345
U 597
Q 2861 3762
Q 782 1221
Q 2746 847
C 2298 1843
U 596
C 2648 621
Q 517 1211
Q 3493 1256
U 621
U 633
U 612
C 3510 1163
Q 601 2285
Q 3492 507
Q 1118 1284
C 3522 3167
U 617
U 631
Q 3334 3461
Q 986 3169
C 2392 924
C 1762 694
U 626
U 611
Q 3300 2144
C 436 133
Q 3442 3264
U 549
C 666 230
U 550
Q 884 1204
C 20 15
U 577
U 641
C 2528 1277
U 557
U 620
C 2143 611
Q 2797 2137
C 2028 700
C 410 340
C 110 65
U 625
C 380 2
C 66 27
Q 1949 3664
Q 450 1160
Q 2918 3745
U 645
C 3569 827
C 206 42
U 629
U 649
Q 849 523
C 362 324
U 648
Q 338 2541
U 544
U 590
U 650
C 1620 469
Q 323 3749
C 2874 1766
U 636
U 564
U 608
Q 210 1705
Q 2891 2455
U 646
Q 724 2990
U 655
U 647
U 582
C 1805 39
Q 812 1551
Q 1970 2673
C 2830 2112
Q 620 3310
U 615
C 2580 531
C 344 240
Q 2447 899
U 628
C 2483 2226
U 635
Q 2148 1663
U 522
Q 2270 2422
Q 569 3344
Q 257 3616
U 651
Q 1253 2435
C 1770 1437
U 584
Q 3675 1810
C 44 26
U 643
U 587
C 1682 192
U 598
Q 824 1224
U 568
C 1370 1258
C 2570 2502
C 2888 1857
Q 3038 2723
Q 514 1196
U 661
C 2019 293
U 662
U 664
U 622
Q 753 2947
Q 1212 626
Q 1708 701
C 1394 1356
Q 898 2067
U 492
U 659
C 994 310
Q 2348 2503
C 3684 199
Q 1881 2819
C 1597 676
Q 584 1831
U 668
C 394 349
C 1466 790
C 254 122
Q 764 2772
C 2475 724
Q 2299 3095
C 2258 943
C 1808 1251
U 666
U 671
Q 157 1562
C 3530 1963
U 614
C 2282 344
U 624
C 1443 9
U 623
U 644
C 1328 323
Q 691 1526
C 2224 297
C 59 46
U 637
U 642
U 676
U 474
U 677
Q 281 1520
U 627
C 2328 2144
C 1026 471
C 2990 8
Q 1340 495
U 669
C 494 479
U 558
U 658
Q 2649 3138
Q 2894 3368
C 638 469
Q 2382 1043
U 675
C 3394 1297
Q 2659 1783
Q 2139 1061
U 687
C 2057 1829
U 685
Q 1520 1109
C 2009 1272
U 665
Q 2198 1495
C 2578 754
Q 642 1061
Q 2687 344
C 308 253
U 680
U 673
U 667
U 638
U 639
U 652
U 672
C 1386 1110
C 1709 94
C 1778 749
U 694
Q 1304 1014
