50 1000 2000
1 8 630
4 19 6414
45 49 9894
35 46 1209
9 49 3944
21 28 962
25 46 1127
34 38 8011
28 35 9711
1 50 7353
8 30 4427
15 29 5735
1 2 7986
41 46 8886
2 11 8887
23 38 247
7 43 8986
22 26 2263
7 40 4197
39 46 1742
7 26 508
3 16 3476
6 29 3204
14 20 2973
2 49 4409
11 36 2242
5 22 980
18 40 2864
38 45 7380
9 47 8147
21 25 6395
24 47 7315
34 45 1072
25 42 99
40 43 6070
13 42 1300
13 45 6542
21 23 9887
29 44 7146
11 16 4170
8 19 1538
1 27 6698
3 31 1900
30 41 455
25 36 3084
31 45 1835
21 46 3968
15 26 5693
2 20 5836
20 48 8507
6 27 8593
1 44 9797
35 41 3849
7 14 4962
17 50 7309
14 30 1103
20 31 8385
4 38 7230
8 36 1995
2 36 878
3 37 2848
47 48 2387
13 36 5355
23 36 7274
16 17 7721
28 44 4421
22 42 9185
30 35 6805
14 39 5538
24 34 6764
15 20 691
22 44 3337
27 49 1333
36 47 1361
4 45 1150
16 19 1562
17 22 6011
13 15 339
29 36 2459
7 31 7306
1 38 8532
24 37 947
27 46 8991
36 46 1945
10 41 8581
19 35 4189
38 42 399
44 49 6746
27 31 3318
2 33 4550
22 50 35
3 48 7136
30 46 7288
9 25 1977
5 43 8836
33 48 8961
3 8 4042
34 49 343
5 47 6203
28 31 546
8 26 1026
37 47 3948
2 24 1867
1 46 4576
22 48 721
23 39 8578
2 27 7362
28 42 134
17 42 9556
27 41 9535
9 16 5472
13 41 2759
19 22 4475
21 40 3080
16 25 1119
7 23 3591
21 48 495
19 37 5088
38 50 2424
23 37 3606
20 37 6018
32 34 5740
34 41 7229
14 34 3989
10 18 7774
8 49 2850
5 14 2919
18 34 191
29 47 3819
36 41 6057
5 10 2317
15 25 5213
32 49 7201
27 33 4549
17 20 1
15 35 9893
6 9 6038
7 45 7167
2 35 734
12 27 5042
7 12 9495
24 35 803
17 49 698
32 44 3160
39 43 7639
26 42 6755
11 21 687
24 49 288
24 43 1842
20 40 794
11 42 8577
3 41 829
11 26 3265
24 27 4865
23 30 4527
16 31 181
3 23 4058
28 36 1774
32 37 9766
32 40 8886
8 14 8512
4 33 8503
30 31 9149
6 31 6209
14 33 9839
17 30 691
25 27 6335
5 34 3520
38 39 9687
36 40 7818
1 34 7043
13 21 8159
1 49 1179
33 34 2638
1 4 7019
34 42 1391
9 44 8270
44 48 4518
7 29 3381
11 29 5533
2 26 622
10 17 4793
7 36 879
34 44 3976
10 45 2613
10 30 6398
5 7 9146
11 34 2391
8 29 597
27 29 8059
21 32 2445
15 32 7116
14 16 3726
12 46 3279
28 34 4729
17 29 3278
8 34 9301
21 43 2347
30 50 2257
48 50 2606
37 50 26
10 34 8246
9 50 3689
5 29 5208
18 29 4721
26 49 9569
10 48 9669
14 44 1592
34 36 2070
11 45 198
14 17 1659
10 47 1387
49 50 1638
31 33 4401
12 21 2688
4 15 508
8 27 9464
28 40 7574
27 30 6409
2 43 8710
5 6 9996
2 23 1504
6 33 5101
17 45 9531
28 33 4607
6 39 1299
14 27 2473
37 45 3498
28 43 7902
33 35 6867
4 26 5477
8 11 7320
16 50 619
21 33 7285
2 38 2042
15 49 6399
5 39 2176
5 46 1202
3 32 8096
16 22 3150
22 49 2909
4 22 8608
2 22 5031
18 20 9997
9 40 5495
19 39 1060
7 35 9731
14 41 5633
16 30 9961
18 27 3472
4 21 9874
6 44 2559
3 29 8961
2 34 7202
41 50 9181
3 43 1643
5 24 5165
10 22 7361
42 43 2511
19 46 7239
3 50 8978
23 49 6573
11 15 1649
22 47 5446
16 18 5743
22 29 8074
28 32 3099
14 19 4653
9 11 9138
27 44 755
5 48 3488
8 50 2421
4 23 7063
2 17 4961
4 6 7480
3 35 6830
42 44 69
14 43 4094
26 47 5197
25 45 8459
14 46 2647
33 46 7602
37 44 3751
35 37 6950
17 46 791
38 43 7422
1 29 3551
16 44 4473
10 44 1030
9 13 574
16 23 7806
31 34 4758
12 18 7516
5 49 2597
20 47 4925
1 43 3198
10 38 8682
12 30 7557
31 32 2526
28 50 8718
32 43 8709
8 23 9422
10 36 7281
12 14 5445
47 50 3501
46 48 259
25 48 5511
13 46 2812
32 39 2081
16 42 1070
22 27 2570
23 35 8799
10 32 1034
12 13 4083
40 45 3919
8 12 5150
27 42 490
18 23 7893
4 49 4913
14 23 8057
5 50 834
2 31 4938
1 13 7510
2 42 8385
23 25 8184
2 16 698
3 44 4004
43 47 6830
12 35 7422
20 24 8247
29 33 9430
14 36 9908
37 46 6013
21 41 6268
34 47 5784
9 22 3373
37 41 4709
26 31 9913
23 42 1811
41 44 8014
24 32 686
22 37 5222
14 29 2058
40 50 5024
5 44 9139
15 36 6008
25 50 9550
30 48 5404
14 48 7634
3 25 5933
35 36 2321
6 34 9388
17 23 2341
25 35 1076
12 31 2955
31 47 8392
5 36 5759
3 5 6481
32 46 3204
17 24 5222
13 27 6497
12 43 30
5 11 1675
25 29 1983
1 14 5636
10 19 1942
41 49 1986
3 26 7002
9 33 7485
11 40 477
6 43 6812
7 41 262
15 30 1567
9 35 6981
30 40 1971
5 28 7
25 39 1169
8 48 8059
4 42 5697
31 36 5097
4 18 9687
28 38 5309
29 39 8856
26 40 619
28 48 9033
37 48 6843
12 16 5999
35 38 8156
12 44 2386
2 32 549
27 47 6819
13 30 3403
4 14 3383
4 40 7128
42 48 9337
27 37 8237
8 9 510
25 26 6490
13 19 1443
21 37 6246
43 49 9101
15 39 875
25 43 8084
29 43 4025
26 43 1048
11 37 1080
16 39 8258
4 29 6831
21 30 1899
17 25 256
15 28 9488
17 47 4338
13 18 7175
2 7 4146
42 45 9594
26 34 8581
32 41 4521
38 44 7271
24 45 286
6 49 2871
29 32 1701
24 39 6204
16 49 5327
1 22 6458
12 33 7892
2 19 8337
6 21 7442
11 30 9855
16 36 9869
7 10 2824
8 38 9883
9 20 7802
5 21 9917
14 21 8904
19 25 8364
14 37 3925
6 36 5113
11 41 8053
5 9 3993
27 38 1783
1 45 5552
13 44 9786
13 48 5062
34 43 2361
2 41 5780
31 50 3594
12 50 9033
30 44 2771
12 17 2611
2 10 6258
33 38 2126
4 5 8357
36 43 3829
36 42 2855
12 28 2758
3 9 6636
1 15 9339
43 50 5844
36 39 6172
31 43 9251
33 49 5438
33 50 3062
28 45 3379
9 23 9318
5 45 3715
17 27 7381
1 39 9637
7 17 877
6 17 4996
10 40 8359
38 49 8337
33 43 1338
8 13 8151
37 40 8294
26 46 3779
22 35 437
23 32 7301
19 28 9764
3 22 1495
10 23 3452
6 18 7585
11 50 6461
39 47 3769
1 20 3866
6 48 1628
3 47 2865
21 35 3207
16 43 3832
9 30 3560
4 11 2482
39 44 9149
33 47 9226
29 30 6325
18 47 9083
39 50 1813
15 37 8814
27 36 6855
6 19 4820
11 31 8488
25 37 4135
3 4 7045
20 32 2796
42 46 8733
1 18 2531
40 49 9293
42 49 882
27 32 7131
20 38 2666
2 25 6787
15 23 3277
3 24 2383
10 43 8036
26 27 517
18 32 7244
10 35 4839
10 39 7360
35 39 8487
19 23 6798
13 37 2933
26 28 8225
18 24 5403
11 48 7854
17 26 2642
2 15 8693
19 32 3062
4 7 2979
18 35 5444
9 15 2102
39 48 8638
14 47 2285
6 8 6184
38 48 2681
44 50 8296
22 34 59
17 31 3077
24 50 5773
30 49 5223
34 39 7379
24 40 5943
24 25 4354
18 45 4074
4 35 7246
18 25 5096
22 24 4671
8 47 753
25 38 7397
3 45 9997
6 40 8353
20 35 5333
6 25 20
18 30 3116
7 13 153
6 37 9741
30 32 1647
21 49 4576
22 30 8196
18 22 5489
14 15 6818
7 27 3095
8 31 240
10 28 5271
1 26 3967
11 19 1754
30 45 8127
13 20 5230
10 12 9239
12 22 6912
6 22 7912
16 32 8145
7 21 4356
7 20 1450
21 31 6864
12 48 1752
7 50 2657
22 36 6477
28 46 739
32 45 7325
22 39 2229
16 45 6925
12 19 4377
16 27 6352
6 11 3969
1 17 1326
3 17 4115
2 50 9557
9 46 3085
38 41 4623
10 13 2068
17 34 6146
18 38 4176
22 38 2384
35 50 9011
2 30 559
1 19 9429
44 46 5149
3 19 3836
12 24 5004
4 46 8867
10 46 6235
4 17 6474
31 38 1631
2 3 1443
10 20 1572
20 22 38
26 38 3730
12 41 2305
19 42 2897
9 24 1803
7 42 4608
3 27 9780
29 40 309
23 33 4902
29 49 4473
7 11 272
35 43 7839
5 42 8301
7 34 2408
19 36 1557
34 37 657
25 31 206
17 37 4949
3 39 8980
19 24 5551
4 32 8615
20 50 3045
7 38 7124
25 28 2760
26 33 320
1 48 8731
32 35 5564
21 26 8950
4 10 6250
4 41 2581
8 21 5024
9 31 7860
21 42 2045
32 38 2753
22 25 8635
14 25 4367
35 49 8352
8 37 5033
14 42 2240
29 45 9613
2 28 5039
39 45 5960
11 33 3384
12 29 8670
9 32 9712
4 31 2014
29 35 1485
29 38 8428
1 35 9330
3 12 9189
6 12 2426
19 41 5666
13 49 6868
11 43 5828
31 37 7978
22 33 5453
1 36 5185
23 26 1065
27 50 9151
24 30 5156
1 5 325
6 14 4227
5 32 5308
26 44 5327
8 24 2752
7 18 3912
28 29 2433
2 46 407
29 37 1264
19 38 6362
31 41 9557
2 39 3179
16 41 2766
10 26 1286
25 49 5235
30 37 6430
5 26 2228
6 23 4113
45 46 1070
4 13 2858
4 20 7248
11 38 1163
3 40 5209
3 14 5140
40 47 8266
30 38 7349
11 12 8823
12 34 7210
23 48 5072
27 39 5655
5 35 7147
10 25 4017
2 29 2221
13 35 8195
20 28 2376
20 39 2624
6 7 2853
31 42 8602
1 30 4337
20 33 9044
9 27 3557
20 27 4745
42 50 3408
4 50 3594
38 47 6172
9 41 2050
18 19 8918
36 49 8349
18 26 2122
2 37 7420
31 46 2994
8 18 4057
24 31 3148
20 23 7908
15 40 7294
1 23 6533
9 45 5519
21 34 8081
13 28 8644
19 29 1341
26 45 7932
37 49 6826
11 44 4367
4 9 3269
1 28 9198
19 34 5603
18 46 4427
15 17 4618
16 37 9630
19 44 5609
2 6 2818
3 18 88
18 43 5530
24 48 6919
29 31 8189
2 9 2775
20 26 8222
36 44 8908
28 41 7498
29 46 5064
8 25 6397
19 49 9999
6 35 8433
16 33 6463
27 48 314
21 22 9088
19 50 6143
17 21 8430
14 32 4396
10 50 5888
30 33 8185
14 35 7253
15 19 7024
7 28 2836
6 10 2221
37 43 5408
31 39 7800
10 15 7569
13 34 7570
17 48 7471
20 43 5834
21 36 1068
14 50 651
17 33 2410
31 49 178
44 45 396
19 31 3963
23 47 9920
44 47 229
11 28 788
1 32 6626
33 36 6553
9 18 5701
4 37 489
40 41 5066
24 29 4026
19 30 545
7 44 226
2 40 8419
18 39 2625
15 44 4981
18 50 4195
11 24 1355
17 18 465
5 37 1409
9 34 4742
18 28 3309
1 16 585
15 34 9248
43 46 6039
13 38 792
7 49 6828
33 42 4537
37 39 1897
11 35 9453
24 36 9133
30 36 9620
8 43 8106
28 30 3135
20 25 9409
21 24 9989
9 43 3238
15 50 1138
8 16 702
2 4 2287
32 33 2545
14 45 4482
7 15 1300
17 39 2182
32 36 1244
11 14 4761
24 38 2125
13 32 3108
12 49 4424
24 41 4041
8 46 9961
47 49 351
27 34 936
45 47 6324
26 39 6654
19 48 5580
15 27 3719
1 24 8678
26 41 6415
15 31 3745
2 12 2253
13 43 1536
15 46 5600
1 40 4526
4 44 8838
16 28 5222
22 43 4205
7 19 5146
5 31 8422
45 48 3694
13 16 9870
17 28 5689
23 43 4059
1 3 1680
10 16 2563
14 40 3194
36 37 6885
46 47 7725
5 19 1118
9 39 2597
5 17 6792
22 45 4020
6 20 4490
12 47 6445
13 17 3800
38 40 7296
27 28 9558
16 35 8149
19 47 3503
23 27 1136
23 41 4679
26 30 215
8 41 9540
35 42 6940
35 44 6381
11 27 8992
13 29 1960
18 48 597
34 40 1440
30 47 8354
4 28 6796
6 45 4309
24 44 7696
23 24 455
12 39 2113
20 21 2656
43 45 6020
7 39 3239
33 41 9442
24 33 3524
30 43 2770
16 26 5492
3 28 4475
46 50 1304
9 12 1601
39 41 6670
16 29 6482
19 40 7725
14 38 1086
29 41 8084
6 47 5154
11 22 3426
13 39 5435
5 23 9306
5 30 65
3 42 9695
23 44 6819
3 46 1191
12 32 2068
19 20 4486
41 45 3367
4 16 4861
3 15 4628
6 46 8393
32 48 3166
35 47 2835
23 45 6050
16 46 3688
21 44 9999
20 41 5774
30 39 2572
11 39 2572
7 25 7371
19 45 3328
11 25 8945
4 25 8917
10 31 8983
11 46 7841
9 38 6263
5 27 4736
4 12 9118
3 38 5494
15 47 1435
33 44 3612
30 42 991
8 28 5596
22 28 5225
26 35 4404
35 40 7841
25 32 9764
9 17 1916
1 7 1147
18 49 7503
21 27 6288
9 14 4825
2 45 6094
13 31 7327
33 45 6063
31 48 1333
13 14 5810
15 22 9013
24 26 6334
41 48 9446
18 37 8536
13 33 8130
18 31 7081
19 26 3400
12 20 256
11 32 5217
10 33 2608
3 30 5166
5 38 9574
12 26 2862
10 27 4911
26 48 716
8 45 8540
12 15 6783
12 36 1649
5 8 618
20 42 8492
37 42 2056
7 16 389
1 31 98
4 30 8042
15 18 3962
22 46 4427
19 43 5618
24 46 1749
4 48 7665
3 13 3854
7 22 2565
14 24 8624
9 42 7639
23 28 3337
17 44 6583
14 28 2984
6 42 9471
16 20 1744
41 43 836
16 47 3146
14 18 7351
3 34 8057
31 44 8837
14 26 4939
3 11 6279
15 24 1314
25 40 6454
6 32 6828
15 43 3571
24 42 7638
3 49 2792
27 40 4426
15 42 2766
7 24 8087
18 44 9011
39 40 3428
8 39 4743
28 39 5668
12 40 7935
8 17 1218
32 47 9774
10 21 8039
1 12 49
1 2 1
1 18 6
1 14 19
1 9 16
1 29 43
1 29 34
1 41 30
1 22 7
1 10 49
1 11 23
1 25 36
1 22 30
1 37 20
1 19 14
1 43 15
1 23 45
1 26 39
1 33 29
1 26 30
2 8 24
1 40 20
2 7 10
2 27 36
2 12 18
1 30 34
1 9 13
1 30 29
1 24 31
1 6 15
1 38 29
2 5 9
1 31 37
1 17 5
1 27 5
1 14 12
1 46 23
1 17 35
1 8 16
1 2 46
1 2 36
1 40 34
1 36 11
1 15 42
1 12 39
1 34 33
1 16 29
1 50 39
1 3 8
1 32 6
1 15 33
1 33 48
1 10 6
1 44 45
1 45 19
1 32 23
1 17 42
1 40 36
1 16 45
1 23 12
1 50 12
2 20 39
1 3 43
1 29 28
1 27 3
1 18 36
1 31 36
1 33 5
1 47 34
2 8 36
1 6 44
1 1 21
1 21 1
1 17 2
1 20 11
1 42 20
1 45 44
1 15 43
2 2 30
1 24 28
1 7 48
1 29 6
1 27 36
1 15 5
1 48 8
1 1 35
1 36 14
1 44 20
1 43 16
1 50 11
1 13 16
1 19 6
1 8 48
1 38 42
1 4 22
1 13 45
1 17 29
1 19 49
1 11 14
1 7 34
1 12 36
1 20 15
1 36 21
1 4 48
1 10 17
1 14 12
1 20 7
1 12 49
1 20 43
1 37 47
1 29 33
1 29 39
1 21 15
1 25 20
1 11 42
1 46 16
1 11 40
1 22 15
1 6 7
1 35 5
1 35 15
1 40 25
1 23 6
1 41 27
1 33 27
1 1 14
1 13 11
1 3 2
1 24 12
2 4 40
1 1 16
1 2 31
1 7 22
1 34 40
1 28 38
1 39 42
1 33 42
1 11 23
1 17 42
1 49 20
1 33 20
2 3 11
1 35 31
1 21 33
1 45 31
1 31 27
1 43 42
1 20 35
1 31 26
1 32 34
1 8 44
1 14 5
1 22 34
1 32 1
1 12 47
1 43 46
1 19 40
1 30 14
1 40 38
1 6 11
1 39 50
1 28 41
2 27 32
1 14 23
1 38 24
1 37 11
2 19 40
1 11 16
1 13 6
1 32 35
1 42 36
1 26 46
1 43 14
1 32 7
1 23 32
1 23 33
1 29 38
1 17 22
1 4 34
1 24 43
1 29 42
1 32 22
1 4 6
1 23 45
1 41 26
1 46 21
1 37 41
1 16 9
1 21 22
2 8 25
1 40 12
1 7 17
1 35 38
1 12 27
1 25 13
1 35 25
1 24 41
2 10 28
1 27 42
1 45 47
1 4 19
1 46 5
1 23 26
1 1 40
1 37 21
1 15 49
1 45 32
1 20 30
2 23 44
1 39 26
2 15 40
1 24 12
1 44 48
1 26 44
1 38 17
1 35 43
1 43 5
2 3 18
1 9 41
1 40 50
1 36 4
1 4 46
1 34 32
1 30 49
2 15 42
1 15 2
1 27 32
1 27 12
1 41 44
1 25 37
1 50 31
1 44 43
1 26 36
1 21 43
1 1 16
1 39 26
2 34 49
1 42 10
1 30 15
1 43 5
1 44 10
1 3 11
1 24 28
1 48 49
1 20 7
1 2 27
1 4 11
1 44 25
1 30 44
1 19 35
2 3 30
1 22 1
1 3 2
1 35 41
2 43 50
2 31 46
1 17 40
1 29 18
1 15 6
2 13 32
1 28 41
1 13 18
1 19 27
1 27 35
2 14 19
2 18 30
1 47 4
1 3 10
1 41 35
2 4 48
1 18 22
1 23 10
1 1 20
1 9 45
1 13 33
1 33 2
1 44 10
1 3 10
1 41 1
1 14 28
1 35 28
1 27 49
1 43 23
1 16 24
1 31 32
1 17 1
1 45 22
1 6 32
1 16 7
1 15 5
2 8 49
1 35 7
1 50 3
1 27 38
1 31 38
1 45 9
1 30 43
1 24 28
1 28 23
1 10 14
1 21 45
1 42 13
1 20 47
1 24 46
1 31 3
1 5 45
1 22 4
1 11 47
1 22 24
2 27 30
2 1 16
1 42 23
1 43 42
1 2 39
1 44 28
1 13 20
2 16 50
1 3 28
1 31 47
1 1 21
1 23 48
1 22 21
2 20 47
1 2 29
1 13 22
1 29 46
1 7 49
1 17 33
1 45 28
1 25 39
1 5 41
1 45 7
1 17 9
1 6 5
1 2 37
1 31 22
1 36 25
1 19 50
1 41 9
1 38 12
1 15 45
1 22 35
1 23 37
1 35 42
1 29 10
2 19 26
1 50 10
2 26 35
1 2 5
1 42 23
1 19 28
1 39 37
1 4 32
1 11 25
1 49 24
1 33 9
1 35 39
1 46 35
1 15 11
2 49 50
1 45 4
1 9 32
1 21 31
1 45 16
1 10 24
1 35 42
1 34 44
1 6 7
1 1 50
1 25 18
1 25 2
1 43 12
2 3 37
1 38 20
1 37 44
1 47 28
1 46 12
1 39 43
1 11 45
1 34 7
1 32 1
1 39 26
1 45 42
1 14 42
1 39 8
1 11 15
1 48 19
1 7 43
2 14 29
1 4 17
1 6 33
1 26 32
1 29 45
1 6 28
1 8 5
1 3 20
1 2 39
1 6 2
1 18 14
1 21 30
1 6 29
1 33 32
2 6 45
1 27 49
1 7 33
1 8 43
1 21 35
1 29 3
2 3 19
1 30 40
2 6 20
1 7 49
1 25 10
1 41 6
1 25 43
1 30 46
2 2 24
1 36 9
2 32 35
1 44 45
1 28 33
2 30 37
1 39 40
1 28 10
1 49 5
1 10 15
1 47 13
2 9 45
2 13 27
1 21 30
1 22 25
1 22 24
1 12 46
1 50 1
1 15 22
1 24 46
2 5 29
1 19 24
1 50 47
1 50 19
2 14 39
1 43 7
2 2 49
1 50 31
1 14 27
1 38 36
1 44 8
1 22 26
1 5 43
1 26 3
1 25 49
1 12 20
1 41 34
1 9 24
1 23 48
1 28 46
1 30 48
1 31 29
1 28 14
1 11 21
1 45 44
1 24 32
1 19 43
2 10 30
1 27 6
1 16 42
1 12 2
1 16 32
1 9 41
1 45 36
1 21 46
1 34 35
1 1 34
1 41 24
1 13 10
1 33 9
1 26 25
1 9 45
1 34 9
1 43 39
1 49 21
2 9 31
1 5 44
1 13 43
1 32 2
1 38 28
1 50 7
1 46 1
1 42 38
1 10 25
1 11 3
1 23 26
1 12 41
1 32 45
1 18 3
1 3 12
1 13 5
2 13 30
1 24 49
1 39 5
2 7 49
1 9 36
1 30 36
1 4 34
2 25 42
1 18 25
1 47 2
1 7 4
1 45 21
1 17 9
1 15 41
1 2 17
1 39 40
1 18 16
1 38 46
1 5 36
1 28 24
1 16 5
1 37 9
1 23 15
1 44 50
1 14 34
1 6 47
1 28 35
1 9 14
1 16 30
1 4 41
1 47 38
1 17 36
1 44 31
1 2 5
2 37 42
1 1 47
2 15 19
1 8 41
1 34 26
1 27 7
1 20 48
1 26 11
1 14 41
1 31 44
1 40 5
1 10 17
1 43 32
1 15 45
1 3 34
1 49 25
1 37 5
2 6 25
1 18 2
1 8 5
1 43 50
1 20 10
1 4 45
1 40 35
1 43 39
1 11 10
1 47 9
2 23 33
1 40 49
1 36 43
1 35 25
1 30 26
1 26 40
1 26 50
1 42 3
1 25 19
1 21 25
2 11 39
1 46 43
1 6 36
1 37 40
1 22 11
1 5 30
1 50 7
1 13 2
1 46 28
1 19 47
2 40 45
1 28 36
2 3 13
1 32 23
1 28 13
1 3 20
1 17 30
1 7 39
1 18 20
1 36 2
1 2 19
1 40 34
1 39 35
2 34 43
1 21 6
1 30 49
2 47 50
1 22 23
1 31 44
1 16 17
2 7 44
1 49 3
2 16 43
1 38 40
1 4 35
1 8 19
1 16 44
1 30 22
1 41 28
1 31 49
1 8 29
1 37 34
1 42 9
1 38 36
1 44 2
1 2 22
1 38 27
1 42 11
1 4 5
1 41 1
1 25 20
1 40 1
1 18 47
1 8 41
1 46 2
1 34 49
1 8 50
1 48 49
1 31 38
1 50 8
2 8 26
1 5 27
1 37 20
1 1 41
2 3 40
1 24 47
1 30 29
1 36 2
1 39 28
1 43 34
1 44 24
1 5 44
1 21 50
2 17 18
1 26 44
1 3 43
1 22 15
1 40 17
1 16 40
1 7 1
1 3 38
1 45 28
1 4 7
1 35 37
1 39 28
1 11 46
1 36 50
1 17 49
1 13 39
2 17 33
1 37 32
1 49 47
1 50 10
1 10 3
1 32 6
1 42 25
1 19 7
1 14 24
2 10 23
1 22 6
1 23 24
1 10 32
1 31 29
1 8 1
1 46 13
1 28 22
1 33 39
1 1 7
1 36 45
2 9 25
1 31 49
1 19 48
1 31 4
1 43 33
1 4 27
1 50 29
1 21 44
2 5 36
1 15 6
1 49 42
1 43 20
1 13 33
1 47 30
1 42 49
1 11 30
1 50 10
1 29 41
1 49 8
2 37 48
1 43 31
1 1 18
1 8 10
2 9 39
1 6 40
1 2 21
1 14 47
1 2 34
1 34 29
1 22 21
1 34 6
1 37 28
1 50 4
2 24 47
1 15 19
1 37 23
1 1 44
1 48 33
1 6 40
1 2 24
1 10 44
2 20 35
1 50 12
1 49 7
2 10 22
1 7 24
1 11 50
1 5 36
2 5 17
1 17 47
1 30 28
1 8 21
1 14 18
1 37 44
1 14 33
1 20 18
1 48 23
1 50 1
1 37 38
1 27 30
1 40 14
1 35 27
1 9 2
1 35 36
1 21 9
1 18 31
1 24 4
1 33 31
1 30 43
1 36 46
1 38 19
1 2 20
1 50 10
1 18 2
1 50 39
1 35 20
1 18 48
1 29 42
1 11 28
1 46 48
1 6 43
2 9 49
1 34 14
1 5 32
1 50 14
1 13 45
1 5 27
1 27 25
1 41 44
1 34 47
1 2 46
1 43 31
1 40 35
2 35 43
1 19 7
1 19 47
1 36 45
1 44 3
1 21 42
1 25 22
1 29 18
1 49 48
1 36 3
1 5 1
1 22 3
1 44 39
2 19 31
1 26 35
1 27 15
1 36 2
1 50 16
1 13 12
1 28 10
1 8 39
1 13 11
1 38 25
1 24 1
1 16 38
1 5 30
1 20 34
2 25 39
1 43 17
1 13 10
1 27 38
1 11 47
2 35 46
2 33 42
1 35 20
1 2 13
1 23 5
2 15 50
1 13 11
1 21 6
1 14 5
1 6 3
1 39 13
1 15 2
1 1 46
1 34 7
1 50 43
1 31 42
2 18 31
1 42 3
1 15 9
1 44 36
1 47 6
1 46 24
2 48 50
1 27 8
1 19 38
2 42 43
1 13 30
1 41 15
1 17 16
1 50 17
1 49 33
1 3 46
1 15 47
1 41 26
1 13 3
2 11 48
2 24 49
1 47 5
1 41 17
1 4 23
1 35 22
1 40 36
1 15 35
1 43 32
1 43 50
1 45 17
1 32 26
1 20 28
1 37 19
1 26 4
1 31 9
1 6 41
1 22 6
1 22 41
2 24 48
1 7 15
1 20 48
1 46 2
1 5 49
1 5 8
2 9 13
1 47 28
1 41 37
1 22 6
2 11 15
1 43 21
1 12 21
1 47 23
1 35 14
1 32 19
1 15 33
1 5 46
1 18 9
1 13 24
2 3 31
1 50 24
1 2 16
1 22 26
1 3 12
2 31 34
1 40 1
1 21 34
1 28 47
1 20 50
1 11 17
1 40 17
1 35 37
1 30 2
1 16 2
1 13 4
1 29 10
1 18 50
1 26 13
1 19 26
1 17 26
1 14 34
1 40 39
1 18 32
1 20 50
1 38 40
1 21 14
1 31 2
1 30 9
1 37 48
1 32 20
1 45 34
1 48 49
1 44 5
1 27 19
1 7 11
1 33 36
1 4 21
1 25 8
1 7 27
1 50 47
1 1 30
1 29 8
1 15 25
1 5 48
1 43 17
1 33 35
1 1 26
1 7 48
1 42 2
1 36 2
1 8 36
1 46 33
1 6 30
1 34 32
1 13 38
1 50 12
2 12 22
1 15 39
1 7 45
1 34 10
1 39 34
1 40 29
2 25 27
1 6 26
2 33 38
1 40 8
1 20 26
1 31 4
1 31 35
1 11 39
1 24 23
1 38 42
1 33 32
1 2 46
1 39 41
1 14 27
1 50 26
1 24 50
1 2 38
1 37 5
1 18 40
1 1 23
1 1 23
1 24 42
1 40 38
1 43 44
1 1 10
1 33 50
1 28 5
1 49 27
1 37 15
1 16 28
1 16 3
1 25 40
2 39 40
1 14 19
1 26 46
1 44 16
1 37 38
1 7 25
2 33 36
1 2 43
1 28 13
1 49 35
2 12 26
1 42 40
2 32 49
1 3 46
1 26 15
2 20 43
1 49 21
1 11 39
1 41 3
1 47 42
1 23 14
1 5 26
2 1 14
1 30 9
2 32 34
1 29 11
1 47 8
1 50 7
1 15 40
1 49 31
1 26 27
1 18 20
2 5 30
1 8 49
1 12 28
1 35 38
2 6 31
1 39 2
1 36 22
1 40 32
1 13 20
1 37 45
2 10 18
1 38 27
1 36 40
1 49 26
1 7 20
1 32 13
1 16 32
2 29 40
1 37 22
1 26 40
1 24 32
2 20 41
1 18 4
2 6 11
1 16 43
1 40 14
1 18 48
1 15 8
1 23 8
1 8 37
1 6 19
1 26 19
1 18 37
1 40 18
1 43 1
1 22 33
1 14 18
1 33 17
1 46 16
1 35 7
1 25 36
1 16 29
1 48 32
1 1 26
1 32 5
2 37 39
1 17 21
1 26 38
1 38 36
1 47 16
1 16 26
1 2 48
1 36 21
1 25 12
1 17 28
2 27 34
1 50 48
1 37 44
1 23 34
2 35 37
2 16 46
1 27 17
1 3 37
1 32 28
1 44 31
1 16 5
1 10 18
1 35 30
1 42 34
1 1 35
2 1 23
2 6 12
1 12 7
1 13 49
1 9 48
2 15 25
1 44 49
1 4 28
1 7 36
1 47 25
2 1 17
1 32 42
1 16 23
1 40 2
1 17 14
1 39 9
1 10 20
1 30 16
1 28 47
1 1 32
1 8 18
1 4 23
1 18 10
1 7 2
1 4 27
1 3 31
2 38 45
1 13 18
1 18 3
1 22 7
2 32 48
1 10 12
1 43 42
1 27 36
1 12 45
1 45 28
1 49 25
1 40 29
1 44 6
1 32 40
1 31 13
1 49 2
1 8 3
2 4 23
1 28 24
1 18 28
1 2 3
1 11 49
1 24 48
1 7 12
1 23 49
1 1 28
1 29 7
1 10 45
1 28 20
1 23 30
1 7 31
1 6 31
1 7 4
1 3 50
1 21 40
1 34 17
1 4 32
1 40 19
1 42 1
1 24 18
1 35 27
2 41 43
1 32 9
1 15 20
1 35 12
1 48 22
1 48 49
1 11 39
1 47 26
1 34 32
1 44 4
1 2 23
1 19 30
1 36 12
1 35 32
1 20 12
1 26 23
2 13 45
1 38 3
1 25 47
1 6 10
1 39 41
2 28 43
1 34 49
1 2 36
1 46 2
1 8 20
2 1 34
1 17 9
1 1 44
1 16 27
1 43 2
2 18 34
1 22 17
1 36 12
1 3 15
1 28 5
1 38 46
2 18 50
1 25 8
1 25 42
1 44 29
2 11 24
1 27 20
1 4 26
1 42 47
1 39 35
1 39 18
1 10 35
1 19 45
1 7 25
1 33 8
1 16 35
1 35 6
2 12 35
1 15 49
1 47 49
1 32 39
1 38 41
1 7 49
1 28 15
1 2 39
2 6 19
1 34 46
1 49 50
2 12 28
1 34 43
1 7 15
1 16 21
1 31 15
1 46 39
1 18 49
1 14 13
1 21 8
1 48 20
1 40 27
1 5 11
1 43 33
1 33 34
1 6 44
1 49 13
1 41 29
1 10 3
1 23 36
1 41 36
1 20 16
2 11 38
1 33 8
1 14 23
1 29 21
1 5 2
1 37 26
1 6 12
1 35 7
2 2 26
1 39 23
1 29 7
1 26 46
1 32 10
1 23 40
1 14 23
1 26 50
1 13 30
1 5 6
1 19 27
1 17 6
1 44 21
1 17 6
1 7 48
1 42 16
1 37 30
1 44 3
1 4 32
1 18 28
2 26 41
2 2 9
1 31 35
1 27 6
2 28 33
1 5 42
1 15 2
1 17 23
1 28 37
1 14 8
1 4 8
1 14 5
1 11 36
1 40 20
1 8 41
1 36 49
1 8 30
2 5 45
1 49 9
1 49 29
1 17 8
1 16 20
1 14 34
1 18 34
2 10 25
1 42 14
1 32 19
2 12 27
2 2 27
1 10 14
1 11 40
1 34 48
1 42 6
1 10 40
1 42 9
1 44 7
1 41 32
1 15 41
1 12 34
1 23 36
1 10 27
1 28 32
1 1 5
1 31 46
1 33 5
1 18 20
1 18 1
1 35 13
1 34 6
1 34 1
1 43 33
1 4 18
1 10 14
1 17 47
2 29 43
1 6 1
1 23 39
2 29 46
1 21 3
1 7 18
1 33 43
1 46 49
1 47 30
1 33 35
1 21 36
1 25 12
1 5 28
1 22 21
1 1 36
1 35 13
1 20 22
1 2 21
1 15 32
1 34 21
1 38 4
1 27 31
1 33 23
1 5 30
1 39 31
1 14 35
2 31 32
1 6 22
1 37 50
2 36 37
2 21 43
1 1 8
1 25 20
1 30 39
1 10 7
1 21 16
1 39 27
1 32 25
1 25 28
1 19 35
1 21 18
1 22 44
1 20 26
1 8 17
1 17 12
1 6 45
1 5 36
1 3 29
1 48 31
1 17 40
1 24 15
1 45 29
1 6 19
1 12 48
1 18 49
1 8 40
1 18 9
2 6 32
1 46 47
1 28 44
1 25 15
1 27 43
1 1 8
1 36 22
1 29 25
1 3 24
1 45 42
2 40 43
2 30 44
1 21 34
2 12 17
1 35 11
1 2 50
1 35 24
1 35 33
1 14 47
1 10 37
1 8 9
1 11 48
1 44 4
1 42 8
1 11 47
1 12 17
1 40 2
1 8 48
2 25 37
1 25 32
1 49 46
1 22 4
2 18 26
1 6 40
1 22 38
1 1 26
1 17 4
1 23 9
2 4 13
1 24 4
1 26 44
1 14 34
1 1 50
1 19 28
1 1 7
1 48 21
1 26 44
1 45 27
1 49 32
1 39 49
1 4 49
1 3 28
1 48 31
2 13 48
2 10 33
2 36 47
1 28 47
1 47 5
1 44 45
1 33 22
1 5 25
2 28 41
1 42 33
2 17 48
1 20 49
1 1 10
1 43 41
1 3 8
1 37 36
1 49 20
1 1 7
1 46 21
1 22 46
1 42 34
1 44 11
1 21 12
1 30 24
1 50 43
2 8 11
1 24 50
1 24 9
1 20 29
1 45 39
1 35 41
1 20 14
1 5 13
1 24 18
1 10 50
1 6 12
1 20 48
1 36 24
2 12 36
1 26 33
1 50 18
1 30 15
1 33 25
1 30 26
2 11 50
1 23 26
1 20 35
1 28 45
1 29 33
1 5 44
1 30 27
1 21 41
1 16 3
1 27 9
1 48 2
1 31 21
1 27 3
1 45 23
1 24 10
2 44 45
1 48 50
2 26 40
1 31 17
1 45 20
1 2 19
1 49 50
1 43 16
1 7 4
1 34 7
2 7 16
2 17 39
1 22 1
1 50 11
1 16 32
1 15 24
1 7 9
1 39 33
1 50 25
2 17 44
1 44 3
1 15 37
1 10 43
1 28 30
1 23 30
1 44 50
1 28 40
1 18 6
2 11 21
1 45 36
1 39 23
1 17 37
1 13 45
1 21 20
1 5 28
1 7 27
1 42 46
1 46 20
1 22 13
1 37 40
1 17 2
1 33 27
1 31 45
1 28 7
1 6 18
1 49 39
1 22 20
1 43 40
1 33 34
1 1 23
1 40 27
1 1 28
1 22 31
1 31 29
1 43 46
2 37 50
1 50 27
1 5 8
1 13 39
1 11 6
1 45 11
1 10 44
1 1 35
1 6 32
1 46 28
1 45 44
1 38 41
1 38 41
1 50 31
1 30 47
1 8 17
1 6 37
1 50 5
1 27 30
1 3 2
1 42 26
1 17 50
1 32 45
1 43 37
1 49 43
2 9 42
1 16 37
1 1 17
1 10 13
1 17 27
1 10 13
1 23 14
1 20 10
1 37 22
1 3 36
1 37 8
2 26 43
2 33 49
1 14 25
1 37 3
1 29 7
1 13 3
1 47 18
1 24 23
1 25 21
1 24 2
2 29 30
1 28 47
1 36 2
1 43 12
1 32 10
1 44 42
1 45 36
1 24 16
1 29 3
1 27 45
1 50 36
1 16 36
1 6 4
1 33 8
1 6 2
1 6 32
1 18 29
1 24 1
1 20 45
1 24 12
1 10 36
1 8 22
1 17 48
1 29 3
1 38 23
1 6 48
1 11 46
1 32 38
1 11 19
1 13 47
1 7 2
1 9 20
1 4 48
1 31 14
1 41 25
1 31 49
1 17 47
1 31 29
1 49 23
1 50 16
1 40 9
2 6 23
1 20 43
1 23 39
1 47 7
2 9 34
1 12 4
1 46 47
2 22 35
1 10 3
1 49 31
1 9 8
1 30 36
1 7 24
2 2 37
1 17 36
2 3 5
1 42 3
1 23 38
1 9 6
1 17 40
1 18 35
1 21 50
1 50 16
1 11 16
1 40 12
1 1 26
1 7 1
1 3 36
1 25 32
1 19 47
1 42 44
1 12 18
1 44 7
1 41 32
1 38 6
1 17 38
1 45 50
1 22 41
2 11 44
1 39 5
1 39 27
2 16 20
1 30 4
1 34 33
1 11 19
1 16 30
2 14 41
1 1 8
1 40 50
1 41 2
1 45 27
1 25 41
1 1 9
1 35 22
1 6 8
1 39 30
2 4 17
1 22 43
1 4 3
1 46 13
1 2 40
1 44 37
1 7 8
1 21 29
1 15 24
1 24 17
1 1 35
1 30 43
1 10 2
1 26 27
1 47 26
1 1 50
1 29 19
1 13 30
1 43 14
1 14 43
1 48 41
1 31 10
1 43 42
1 9 30
2 21 31
1 36 28
1 45 8
1 32 33
1 13 37
1 23 41
1 17 1
1 27 46
1 23 31
1 25 9
1 35 46
1 28 22
1 1 15
1 10 18
1 12 22
1 8 38
1 44 40
1 16 5
1 36 49
2 34 44
1 3 1
2 21 25
1 50 47
2 1 30
1 24 21
1 25 48
1 26 35
1 24 44
1 10 44
1 16 41
1 19 15
1 46 39
1 41 36
1 25 5
1 13 11
1 46 38
1 49 19
1 24 47
1 47 44
1 5 50
1 22 8
2 28 45
1 50 16
1 39 7
1 20 11
1 18 47
1 20 11
1 36 35
1 25 45
1 44 26
1 31 17
1 33 38
1 29 1
1 3 35
1 16 43
1 19 41
2 12 24
1 28 19
1 10 14
1 1 41
1 19 8
1 37 46
1 20 25
1 1 50
1 1 25
2 20 21
2 4 20
1 10 29
1 8 15
1 38 36
1 20 40
1 5 10
1 43 14
1 50 29
1 25 1
1 21 31
1 21 39
1 36 21
1 50 34
1 17 11
1 2 45
1 5 11
1 17 34
1 46 3
2 30 39
1 17 40
1 43 23
1 35 49
2 34 47
1 22 41
1 50 1
1 8 30
1 30 11
1 36 13
1 3 11
1 18 25
1 44 27
1 43 19
1 41 29
1 41 13
1 47 24
1 16 38
1 28 1
1 39 3
1 40 18
1 47 8
1 46 30
1 46 15
1 25 20
1 27 9
1 9 32
1 33 14
1 40 13
1 7 5
1 39 32
1 25 39
2 19 39
2 14 38
1 1 25
1 24 17
1 29 13
1 13 15
1 22 37
1 49 34
1 47 40
1 16 32
1 49 13
1 13 4
1 19 33
1 36 26
1 46 4
1 39 18
1 43 35
1 9 7
1 38 43
1 34 48
1 11 41
1 14 37
1 22 44
1 7 40
1 29 25
2 36 40
1 48 10
1 40 4
1 9 26
1 31 42
1 6 8
1 2 27
2 32 36
1 38 9
1 15 7
1 22 46
1 6 4
1 22 44
1 26 15
1 37 30
1 47 36
1 16 44
2 26 39
1 7 29
1 35 22
1 38 46
2 1 4
1 15 10
1 28 49
1 3 10
1 42 9
2 28 38
1 35 23
1 33 39
1 42 17
1 28 23
2 14 27
2 4 38
1 5 25
1 31 45
1 11 7
1 37 26
1 47 23
1 47 28
2 46 21
1 49 33
1 11 25
1 49 21
1 18 11
1 8 38
1 37 14
2 2 22
1 4 30
1 31 49
1 35 5
1 3 19
1 33 29
2 26 45
1 3 41
1 46 2
1 28 45
1 34 44
2 2 29
2 13 17
2 43 45
1 4 43
1 50 20
1 46 5
1 28 12
1 24 22
1 14 5
1 7 45
1 16 26
1 41 42
1 3 19
1 1 19
1 49 24
1 39 41
1 38 8
1 25 40
1 38 31
1 48 20
1 17 40
1 9 5
1 30 8
1 50 40
2 3 1
1 29 39
1 16 32
1 1 46
1 38 28
1 21 47
1 36 3
1 42 11
1 42 43
1 47 37
1 38 7
1 27 36
1 46 20
1 22 27
1 20 34
1 5 45
1 19 23
2 15 31
1 35 16
1 3 8
1 4 5
1 4 10
1 34 1
1 28 39
2 4 10
2 15 18
1 29 25
1 49 5
1 33 38
1 32 6
1 46 15
1 4 29
1 9 7
1 20 27
1 2 24
1 6 20
1 34 11
1 49 23
1 21 23
1 37 3
1 10 16
2 14 30
1 24 41
1 12 5
2 9 12
1 22 18
1 9 33
1 5 49
2 23 28
1 28 38
1 47 19
1 8 30
1 25 15
1 33 40
1 17 29
1 27 12
1 18 31
2 19 47
1 25 23
1 5 7
1 25 43
1 20 40
1 44 19
1 34 7
1 34 31
1 19 48
1 34 10
1 4 26
1 36 24
1 50 12
1 43 28
1 6 40
1 15 9
2 19 4
1 9 47
1 42 47
1 17 36
2 30 12
1 43 45
1 1 27
